#NUMBER OF AGES= 1 MAGS= 5
#----------------------------------------------------       
#MIX-LEN  Y      Z          Zeff        [Fe/H] [a/Fe]
# 1.9380  0.2640 1.2548E-02 1.2548E-02  -0.11   0.00 
#----------------------------------------------------       
#**PHOTOMETRIC SYSTEM**: SDSS (AB)
#----------------------------------------------------       
#AGE= 5.000 EEPS=271
#EEP   M/Mo    LogTeff  LogG   LogL/Lo sdss_u  sdss_g  sdss_r  sdss_i  sdss_z
   9  0.116486  3.5097  5.2559 -2.7592 17.8281 14.6051 13.0796 11.8801 11.2027
  10  0.134851  3.5102  5.1892 -2.6276 17.4386 14.2613 12.7448 11.5509 10.8748
  11  0.165688  3.5129  5.1159 -2.4539 16.8775 13.7704 12.2710 11.1036 10.4394
  12  0.205420  3.5198  5.0635 -2.2802 16.2376 13.2149 11.7432 10.6340 10.0002
  13  0.233633  3.5245  5.0314 -2.1736 15.8486 12.8729 11.4184 10.3456  9.7318
  14  0.257282  3.5282  5.0076 -2.0931 15.5569 12.6142 11.1732 10.1276  9.5292
  15  0.280139  3.5315  4.9876 -2.0229 15.3079 12.3899 10.9606  9.9377  9.3525
  16  0.295449  3.5336  4.9733 -1.9769 15.1473 12.2445 10.8226  9.8140  9.2373
  17  0.304062  3.5349  4.9638 -1.9502 15.0556 12.1610 10.7430  9.7423  9.1703
  18  0.309882  3.5356  4.9567 -1.9317 14.9934 12.1041 10.6887  9.6931  9.1242
  19  0.314184  3.5362  4.9510 -1.9177 14.9472 12.0619 10.6484  9.6562  9.0895
  20  0.317772  3.5367  4.9454 -1.9052 14.9054 12.0237 10.6121  9.6229  9.0582
  21  0.320438  3.5369  4.9400 -1.8953 14.8748 11.9957 10.5852  9.5974  9.0334
  22  0.322721  3.5372  4.9367 -1.8877 14.8494 11.9724 10.5629  9.5772  9.0144
  23  0.325054  3.5376  4.9340 -1.8804 14.8253 11.9502 10.5418  9.5580  8.9965
  24  0.327909  3.5380  4.9309 -1.8722 14.7977 11.9249 10.5175  9.5361  8.9759
  25  0.332626  3.5387  4.9264 -1.8584 14.7493 11.8805 10.4758  9.4987  8.9414
  26  0.339799  3.5395  4.9211 -1.8407 14.6911 11.8266 10.4242  9.4519  8.8975
  27  0.366834  3.5442  4.8990 -1.7677 14.4285 11.5860 10.1965  9.2536  8.7172
  28  0.452988  3.5601  4.8262 -1.5384 13.6329 10.8198  9.4619  8.6192  8.1474
  29  0.469418  3.5641  4.8088 -1.4894 13.4629 10.6518  9.2997  8.4832  8.0279
  30  0.484383  3.5682  4.7932 -1.4442 13.3031 10.4925  9.1461  8.3573  7.9180
  31  0.497240  3.5719  4.7800 -1.4046 13.1609 10.3506  9.0092  8.2467  7.8223
  32  0.508009  3.5753  4.7689 -1.3706 13.0381 10.2275  8.8907  8.1514  7.7405
  33  0.518312  3.5787  4.7585 -1.3377 12.9204 10.1079  8.7759  8.0589  7.6614
  34  0.529956  3.5828  4.7474 -1.3009 12.7891  9.9722  8.6453  7.9546  7.5729
  35  0.544110  3.5877  4.7342 -1.2562 12.6296  9.8049  8.4828  7.8270  7.4664
  36  0.559782  3.5937  4.7203 -1.2059 12.4494  9.6138  8.2975  7.6833  7.3478
  37  0.575857  3.6003  4.7066 -1.1541 12.2708  9.4191  8.1159  7.5375  7.2247
  38  0.591533  3.6070  4.6941 -1.1030 12.0895  9.2233  7.9374  7.3943  7.1044
  39  0.609542  3.6152  4.6810 -1.0442 11.8694  8.9889  7.7267  7.2282  6.9670
  40  0.622794  3.6218  4.6715 -0.9982 11.7142  8.8117  7.5767  7.1043  6.8608
  41  0.643822  3.6328  4.6601 -0.9279 11.4031  8.5070  7.3200  6.9041  6.6954
  42  0.670489  3.6468  4.6479 -0.8424 10.9389  8.1260  7.0147  6.6592  6.4866
  43  0.699084  3.6621  4.6365 -0.7524 10.3817  7.7244  6.7113  6.4067  6.2625
  44  0.733362  3.6794  4.6218 -0.6478  9.7254  7.2776  6.3798  6.1212  6.0023
  45  0.760094  3.6924  4.6090 -0.5681  9.2397  6.9561  6.1396  5.9104  5.8091
  46  0.777496  3.7004  4.6004 -0.5175  8.9529  6.7620  5.9919  5.7790  5.6889
  47  0.791925  3.7068  4.5928 -0.4762  8.7146  6.6090  5.8735  5.6730  5.5917
  48  0.804769  3.7123  4.5856 -0.4398  8.5064  6.4780  5.7709  5.5806  5.5069
  49  0.816413  3.7172  4.5786 -0.4068  8.3225  6.3617  5.6799  5.4985  5.4313
  50  0.826955  3.7217  4.5719 -0.3768  8.1590  6.2578  5.5979  5.4243  5.3628
  51  0.836622  3.7256  4.5653 -0.3490  8.0116  6.1637  5.5230  5.3563  5.3000
  52  0.843203  3.7284  4.5606 -0.3302  7.9128  6.1004  5.4725  5.3102  5.2575
  53  0.849721  3.7309  4.5558 -0.3117  7.8155  6.0386  5.4229  5.2648  5.2154
  54  0.856202  3.7335  4.5508 -0.2932  7.7197  5.9782  5.3739  5.2198  5.1736
  55  0.862667  3.7360  4.5457 -0.2749  7.6265  5.9190  5.3256  5.1753  5.1320
  56  0.869116  3.7384  4.5405 -0.2568  7.5365  5.8609  5.2780  5.1313  5.0910
  57  0.875571  3.7408  4.5350 -0.2387  7.4495  5.8035  5.2309  5.0879  5.0503
  58  0.882016  3.7431  4.5295 -0.2208  7.3651  5.7467  5.1845  5.0451  5.0103
  59  0.888416  3.7453  4.5239 -0.2031  7.2832  5.6909  5.1388  5.0029  4.9708
  60  0.894741  3.7475  4.5183 -0.1856  7.2040  5.6364  5.0939  4.9615  4.9319
  61  0.900977  3.7496  4.5125 -0.1685  7.1273  5.5832  5.0500  4.9207  4.8937
  62  0.907100  3.7515  4.5066 -0.1517  7.0534  5.5314  5.0070  4.8808  4.8562
  63  0.913110  3.7535  4.5006 -0.1351  6.9819  5.4809  4.9649  4.8416  4.8193
  64  0.918975  3.7553  4.4946 -0.1189  6.9131  5.4320  4.9239  4.8034  4.7833
  65  0.924712  3.7571  4.4884 -0.1031  6.8466  5.3843  4.8839  4.7661  4.7480
  66  0.930320  3.7588  4.4823 -0.0875  6.7822  5.3379  4.8448  4.7294  4.7133
  67  0.935808  3.7603  4.4761 -0.0724  6.7202  5.2928  4.8065  4.6936  4.6792
  68  0.941191  3.7619  4.4698 -0.0574  6.6600  5.2487  4.7689  4.6584  4.6458
  69  0.946497  3.7634  4.4634 -0.0427  6.6014  5.2053  4.7320  4.6237  4.6127
  70  0.951785  3.7649  4.4570 -0.0280  6.5440  5.1626  4.6954  4.5892  4.5799
  71  0.957041  3.7663  4.4504 -0.0134  6.4877  5.1203  4.6590  4.5549  4.5474
  72  0.962265  3.7676  4.4440  0.0010  6.4324  5.0785  4.6231  4.5211  4.5150
  73  0.967424  3.7690  4.4374  0.0153  6.3785  5.0374  4.5877  4.4876  4.4831
  74  0.972513  3.7703  4.4309  0.0292  6.3260  4.9971  4.5529  4.4548  4.4517
  75  0.977495  3.7715  4.4244  0.0430  6.2750  4.9576  4.5187  4.4225  4.4209
  76  0.982340  3.7728  4.4180  0.0564  6.2260  4.9193  4.4854  4.3910  4.3908
  77  0.986972  3.7739  4.4117  0.0694  6.1793  4.8823  4.4532  4.3606  4.3617
  78  0.991309  3.7751  4.4056  0.0817  6.1359  4.8476  4.4228  4.3317  4.3341
  79  0.995142  3.7760  4.4000  0.0928  6.0973  4.8162  4.3953  4.3057  4.3092
  80  0.996186  3.7765  4.3980  0.0972  6.0838  4.8044  4.3850  4.2960  4.2999
  81  0.996148  3.7769  4.3977  0.0995  6.0757  4.7979  4.3799  4.2915  4.2959
  82  0.998651  3.7776  4.3939  0.1075  6.0474  4.7751  4.3601  4.2729  4.2781
  83  1.001524  3.7785  4.3897  0.1163  6.0167  4.7502  4.3385  4.2525  4.2586
  84  1.004645  3.7793  4.3852  0.1254  5.9850  4.7245  4.3161  4.2312  4.2382
  85  1.007717  3.7800  4.3806  0.1344  5.9535  4.6989  4.2936  4.2101  4.2179
  86  1.010701  3.7809  4.3762  0.1433  5.9227  4.6738  4.2718  4.1894  4.1982
  87  1.013447  3.7816  4.3720  0.1517  5.8935  4.6500  4.2510  4.1698  4.1795
  88  1.015779  3.7823  4.3683  0.1593  5.8667  4.6283  4.2322  4.1520  4.1625
  89  1.017597  3.7830  4.3654  0.1660  5.8427  4.6092  4.2159  4.1368  4.1481
  90  1.017879  3.7838  4.3647  0.1697  5.8252  4.5970  4.2065  4.1285  4.1407
  91  1.017720  3.7845  4.3650  0.1727  5.8088  4.5865  4.1991  4.1223  4.1354
  92  1.018763  3.7853  4.3633  0.1780  5.7879  4.5707  4.1863  4.1107  4.1246
  93  1.020586  3.7860  4.3603  0.1845  5.7641  4.5519  4.1703  4.0956  4.1103
  94  1.022652  3.7866  4.3570  0.1913  5.7395  4.5321  4.1534  4.0797  4.0951
  95  1.024826  3.7872  4.3534  0.1984  5.7149  4.5122  4.1360  4.0634  4.0795
  96  1.027023  3.7878  4.3499  0.2053  5.6907  4.4924  4.1189  4.0472  4.0641
  97  1.029206  3.7884  4.3464  0.2120  5.6666  4.4729  4.1021  4.0313  4.0489
  98  1.031335  3.7890  4.3429  0.2188  5.6428  4.4538  4.0859  4.0160  4.0341
  99  1.033412  3.7895  4.3396  0.2252  5.6195  4.4352  4.0701  4.0011  4.0200
 100  1.035478  3.7901  4.3364  0.2315  5.5969  4.4171  4.0547  3.9866  4.0061
 101  1.037589  3.7906  4.3330  0.2377  5.5750  4.3995  4.0396  3.9722  3.9924
 102  1.039787  3.7911  4.3295  0.2439  5.5534  4.3817  4.0243  3.9577  3.9783
 103  1.042112  3.7914  4.3257  0.2503  5.5322  4.3640  4.0087  3.9428  3.9639
 104  1.044554  3.7918  4.3216  0.2568  5.5110  4.3460  3.9928  3.9274  3.9490
 105  1.047015  3.7921  4.3175  0.2634  5.4901  4.3281  3.9768  3.9119  3.9339
 106  1.049414  3.7924  4.3133  0.2698  5.4697  4.3106  3.9612  3.8969  3.9192
 107  1.051706  3.7927  4.3093  0.2761  5.4496  4.2935  3.9462  3.8823  3.9050
 108  1.053891  3.7930  4.3054  0.2821  5.4301  4.2768  3.9315  3.8681  3.8912
 109  1.055974  3.7933  4.3015  0.2879  5.4114  4.2607  3.9172  3.8543  3.8777
 110  1.057948  3.7936  4.2977  0.2937  5.3931  4.2450  3.9034  3.8408  3.8645
 111  1.059838  3.7939  4.2940  0.2993  5.3752  4.2297  3.8898  3.8277  3.8517
 112  1.061668  3.7942  4.2902  0.3049  5.3574  4.2146  3.8762  3.8147  3.8390
 113  1.063467  3.7945  4.2865  0.3104  5.3398  4.1995  3.8629  3.8016  3.8263
 114  1.065252  3.7948  4.2827  0.3160  5.3226  4.1844  3.8494  3.7885  3.8135
 115  1.067041  3.7949  4.2787  0.3215  5.3059  4.1696  3.8360  3.7754  3.8005
 116  1.068860  3.7951  4.2746  0.3272  5.2891  4.1546  3.8223  3.7620  3.7873
 117  1.070736  3.7953  4.2703  0.3329  5.2727  4.1396  3.8084  3.7484  3.7739
 118  1.072707  3.7955  4.2659  0.3387  5.2559  4.1243  3.7941  3.7344  3.7600
 119  1.074809  3.7956  4.2613  0.3447  5.2389  4.1087  3.7796  3.7200  3.7458
 120  1.077078  3.7958  4.2567  0.3509  5.2214  4.0924  3.7644  3.7051  3.7310
 121  1.079548  3.7960  4.2518  0.3575  5.2031  4.0755  3.7486  3.6894  3.7156
 122  1.082251  3.7961  4.2466  0.3644  5.1837  4.0575  3.7319  3.6728  3.6992
 123  1.085125  3.7964  4.2414  0.3717  5.1627  4.0384  3.7140  3.6553  3.6818
 124  1.088248  3.7966  4.2360  0.3794  5.1417  4.0185  3.6947  3.6363  3.6630
 125  1.091596  3.7969  4.2302  0.3876  5.1200  3.9976  3.6742  3.6160  3.6430
 126  1.095119  3.7972  4.2240  0.3964  5.0969  3.9752  3.6523  3.5944  3.6216
 127  1.098742  3.7975  4.2172  0.4058  5.0727  3.9515  3.6289  3.5712  3.5987
 128  1.102520  3.7977  4.2093  0.4159  5.0470  3.9258  3.6035  3.5460  3.5735
 129  1.106847  3.7979  4.1995  0.4279  5.0168  3.8954  3.5734  3.5162  3.5438
 130  1.111564  3.7979  4.1875  0.4420  4.9821  3.8602  3.5385  3.4814  3.5091
 131  1.116343  3.7979  4.1741  0.4571  4.9451  3.8225  3.5012  3.4440  3.4717
 132  1.121014  3.7977  4.1599  0.4723  4.9079  3.7841  3.4632  3.4060  3.4335
 133  1.125478  3.7975  4.1457  0.4872  4.8721  3.7470  3.4264  3.3690  3.3963
 134  1.129679  3.7972  4.1320  0.5012  4.8391  3.7124  3.3920  3.3343  3.3612
 135  1.133600  3.7967  4.1189  0.5139  4.8094  3.6811  3.3607  3.3026  3.3290
 136  1.137233  3.7962  4.1068  0.5256  4.7829  3.6528  3.3324  3.2736  3.2996
 137  1.140600  3.7958  4.0962  0.5360  4.7586  3.6271  3.3067  3.2474  3.2731
 138  1.143711  3.7955  4.0865  0.5452  4.7382  3.6050  3.2841  3.2244  3.2496
 139  1.146581  3.7950  4.0772  0.5537  4.7200  3.5849  3.2636  3.2033  3.2279
 140  1.149233  3.7945  4.0683  0.5617  4.7033  3.5659  3.2437  3.1828  3.2068
 141  1.151702  3.7942  4.0587  0.5710  4.6843  3.5439  3.2202  3.1587  3.1824
 142  1.154008  3.7938  4.0495  0.5795  4.6671  3.5235  3.1980  3.1360  3.1594
 143  1.156165  3.7936  4.0410  0.5877  4.6514  3.5046  3.1770  3.1147  3.1377
 144  1.158214  3.7932  4.0326  0.5955  4.6363  3.4862  3.1567  3.0938  3.1165
 145  1.160162  3.7932  4.0267  0.6019  4.6216  3.4705  3.1398  3.0770  3.0995
 146  1.162043  3.7929  4.0209  0.6073  4.6126  3.4583  3.1253  3.0621  3.0843
 147  1.163848  3.7926  4.0150  0.6127  4.6035  3.4458  3.1104  3.0468  3.0688
 148  1.165584  3.7923  4.0086  0.6186  4.5944  3.4326  3.0944  3.0305  3.0521
 149  1.167277  3.7918  4.0011  0.6247  4.5876  3.4197  3.0777  3.0131  3.0342
 150  1.168944  3.7912  3.9932  0.6307  4.5826  3.4076  3.0611  2.9956  3.0159
 151  1.170594  3.7905  3.9849  0.6367  4.5792  3.3961  3.0446  2.9780  2.9975
 152  1.172235  3.7896  3.9761  0.6426  4.5777  3.3853  3.0281  2.9602  2.9787
 153  1.173873  3.7886  3.9669  0.6484  4.5749  3.3747  3.0126  2.9432  2.9605
 154  1.175518  3.7875  3.9574  0.6541  4.5720  3.3642  2.9976  2.9267  2.9426
 155  1.177176  3.7862  3.9473  0.6598  4.5706  3.3547  2.9832  2.9103  2.9248
 156  1.178854  3.7847  3.9366  0.6652  4.5711  3.3462  2.9694  2.8943  2.9071
 157  1.180555  3.7830  3.9253  0.6704  4.5743  3.3391  2.9564  2.8788  2.8896
 158  1.182278  3.7811  3.9130  0.6752  4.5818  3.3342  2.9446  2.8638  2.8723
 159  1.184013  3.7788  3.9002  0.6794  4.5958  3.3326  2.9339  2.8496  2.8553
 160  1.185744  3.7761  3.8872  0.6828  4.6149  3.3342  2.9252  2.8368  2.8395
 161  1.187422  3.7733  3.8740  0.6849  4.6402  3.3402  2.9195  2.8265  2.8257
 162  1.188911  3.7701  3.8612  0.6858  4.6730  3.3507  2.9176  2.8197  2.8153
 163  1.190342  3.7665  3.8487  0.6842  4.7193  3.3693  2.9217  2.8182  2.8094
 164  1.191716  3.7624  3.8365  0.6804  4.7812  3.3954  2.9319  2.8223  2.8087
 165  1.193000  3.7579  3.8253  0.6743  4.8575  3.4290  2.9485  2.8324  2.8138
 166  1.194176  3.7533  3.8153  0.6661  4.9420  3.4704  2.9710  2.8477  2.8236
 167  1.195253  3.7485  3.8063  0.6564  5.0334  3.5177  2.9980  2.8671  2.8370
 168  1.196267  3.7436  3.7975  0.6459  5.1325  3.5685  3.0278  2.8889  2.8527
 169  1.197268  3.7385  3.7883  0.6354  5.2376  3.6215  3.0586  2.9115  2.8690
 170  1.198331  3.7332  3.7767  0.6261  5.3488  3.6746  3.0877  2.9318  2.8824
 171  1.199518  3.7277  3.7613  0.6197  5.4598  3.7225  3.1108  2.9456  2.8890
 172  1.200890  3.7221  3.7409  0.6184  5.5613  3.7589  3.1220  2.9473  2.8834
 173  1.202263  3.7176  3.7172  0.6244  5.6298  3.7720  3.1147  2.9321  2.8620
 174  1.203435  3.7143  3.6944  0.6343  5.6653  3.7669  3.0953  2.9071  2.8324
 175  1.204505  3.7117  3.6726  0.6462  5.6835  3.7530  3.0703  2.8776  2.7995
 176  1.205501  3.7096  3.6514  0.6596  5.6867  3.7314  3.0403  2.8442  2.7633
 177  1.206406  3.7082  3.6317  0.6740  5.6778  3.7046  3.0076  2.8090  2.7259
 178  1.207246  3.7071  3.6131  0.6886  5.6618  3.6750  2.9734  2.7730  2.6884
 179  1.208043  3.7063  3.5952  0.7033  5.6409  3.6440  2.9390  2.7369  2.6510
 180  1.208815  3.7055  3.5778  0.7180  5.6171  3.6122  2.9042  2.7008  2.6137
 181  1.209563  3.7049  3.5607  0.7326  5.5916  3.5799  2.8691  2.6645  2.5763
 182  1.210269  3.7043  3.5444  0.7466  5.5663  3.5486  2.8354  2.6298  2.5407
 183  1.210979  3.7037  3.5281  0.7611  5.5388  3.5160  2.8006  2.5941  2.5041
 184  1.211686  3.7032  3.5112  0.7761  5.5096  3.4819  2.7645  2.5570  2.4661
 185  1.212392  3.7025  3.4936  0.7916  5.4806  3.4471  2.7273  2.5186  2.4268
 186  1.213098  3.7020  3.4759  0.8074  5.4488  3.4107  2.6889  2.4794  2.3867
 187  1.213805  3.7016  3.4582  0.8236  5.4145  3.3729  2.6494  2.4390  2.3457
 188  1.214513  3.7011  3.4399  0.8402  5.3808  3.3347  2.6092  2.3979  2.3038
 189  1.215218  3.7006  3.4210  0.8573  5.3460  3.2952  2.5677  2.3555  2.2606
 190  1.215919  3.7002  3.4017  0.8750  5.3084  3.2539  2.5245  2.3116  2.2158
 191  1.216620  3.6996  3.3816  0.8931  5.2728  3.2127  2.4809  2.2668  2.1701
 192  1.217317  3.6989  3.3609  0.9117  5.2353  3.1700  2.4358  2.2206  2.1230
 193  1.218008  3.6984  3.3394  0.9311  5.1963  3.1255  2.3889  2.1726  2.0740
 194  1.218693  3.6976  3.3163  0.9512  5.1611  3.0811  2.3408  2.1230  2.0231
 195  1.219371  3.6969  3.2930  0.9719  5.1223  3.0343  2.2910  2.0718  1.9709
 196  1.220037  3.6962  3.2687  0.9935  5.0820  2.9854  2.2390  2.0184  1.9162
 197  1.220691  3.6955  3.2439  1.0159  5.0384  2.9340  2.1847  1.9628  1.8596
 198  1.221333  3.6946  3.2173  1.0392  4.9974  2.8823  2.1291  1.9054  1.8009
 199  1.221966  3.6937  3.1905  1.0630  4.9541  2.8288  2.0719  1.8466  1.7407
 200  1.222583  3.6929  3.1624  1.0876  4.9102  2.7737  2.0127  1.7856  1.6784
 201  1.223188  3.6919  3.1338  1.1129  4.8654  2.7172  1.9522  1.7233  1.6146
 202  1.223776  3.6910  3.1039  1.1390  4.8211  2.6596  1.8901  1.6591  1.5488
 203  1.224349  3.6900  3.0733  1.1656  4.7762  2.6008  1.8265  1.5934  1.4816
 204  1.224899  3.6888  3.0416  1.1930  4.7306  2.5405  1.7611  1.5259  1.4122
 205  1.225432  3.6876  3.0090  1.2212  4.6849  2.4791  1.6943  1.4567  1.3412
 206  1.225946  3.6864  2.9754  1.2499  4.6404  2.4172  1.6265  1.3863  1.2688
 207  1.226444  3.6851  2.9412  1.2791  4.5961  2.3546  1.5577  1.3147  1.1951
 208  1.226921  3.6837  2.9060  1.3089  4.5523  2.2912  1.4877  1.2418  1.1201
 209  1.227377  3.6823  2.8702  1.3391  4.5084  2.2272  1.4167  1.1678  1.0437
 210  1.227816  3.6808  2.8336  1.3698  4.4647  2.1626  1.3448  1.0928  0.9663
 211  1.228235  3.6792  2.7965  1.4010  4.4206  2.0975  1.2723  1.0170  0.8879
 212  1.228635  3.6777  2.7587  1.4325  4.3768  2.0319  1.1990  0.9403  0.8085
 213  1.229019  3.6760  2.7205  1.4643  4.3337  1.9661  1.1252  0.8628  0.7283
 214  1.229383  3.6742  2.6812  1.4965  4.2941  1.9010  1.0512  0.7849  0.6472
 215  1.229726  3.6725  2.6416  1.5292  4.2523  1.8343  0.9758  0.7055  0.5650
 216  1.230035  3.6705  2.5988  1.5644  4.2106  1.7639  0.8954  0.6207  0.4767
 217  1.230079  3.6702  2.5918  1.5702  4.2041  1.7526  0.8825  0.6069  0.4624
 218  1.230124  3.6699  2.5846  1.5761  4.1973  1.7409  0.8690  0.5927  0.4476
 219  1.230169  3.6695  2.5773  1.5821  4.1906  1.7290  0.8554  0.5782  0.4325
 220  1.230215  3.6692  2.5697  1.5883  4.1836  1.7168  0.8415  0.5634  0.4171
 221  1.230263  3.6688  2.5622  1.5944  4.1768  1.7047  0.8275  0.5485  0.4016
 222  1.230312  3.6685  2.5546  1.6007  4.1700  1.6925  0.8135  0.5337  0.3860
 223  1.230362  3.6681  2.5470  1.6068  4.1634  1.6803  0.7995  0.5187  0.3705
 224  1.230412  3.6678  2.5395  1.6130  4.1567  1.6683  0.7857  0.5041  0.3552
 225  1.230463  3.6675  2.5321  1.6190  4.1499  1.6563  0.7719  0.4894  0.3399
 226  1.230514  3.6671  2.5247  1.6251  4.1432  1.6444  0.7583  0.4749  0.3249
 227  1.230920  3.6650  2.4782  1.6631  4.1022  1.5698  0.6723  0.3836  0.2296
 228  1.231303  3.6665  2.5046  1.6428  4.1115  1.6035  0.7145  0.4304  0.2797
 229  1.231797  3.6679  2.5314  1.6222  4.1222  1.6380  0.7572  0.4781  0.3305
 230  1.232334  3.6644  2.4578  1.6822  4.0612  1.5201  0.6209  0.3339  0.1806
 231  1.232796  3.6613  2.3907  1.7362  4.0122  1.4164  0.4990  0.2045  0.0456
 232  1.233211  3.6582  2.3304  1.7848  3.9715  1.3250  0.3905  0.0888 -0.0752
 233  1.233583  3.6561  2.2883  1.8188  3.9472  1.2635  0.3162  0.0090 -0.1587
 234  1.233932  3.6543  2.2499  1.8496  3.9285  1.2092  0.2496 -0.0630 -0.2342
 235  1.234258  3.6506  2.1792  1.9059  3.8866  1.1059  0.1256 -0.1960 -0.3737
 236  1.234543  3.6471  2.1118  1.9593  3.8511  1.0096  0.0089 -0.3220 -0.5059
 237  1.234799  3.6436  2.0445  2.0124  3.8195  0.9159 -0.1059 -0.4465 -0.6372
 238  1.235024  3.6400  1.9785  2.0642  3.7926  0.8264 -0.2163 -0.5672 -0.7649
 239  1.235225  3.6363  1.9108  2.1171  3.7663  0.7357 -0.3282 -0.6900 -0.8954
 240  1.235405  3.6326  1.8451  2.1682  3.7442  0.6501 -0.4346 -0.8079 -1.0211
 241  1.235564  3.6291  1.7842  2.2153  3.7281  0.5741 -0.5301 -0.9151 -1.1364
 242  1.235707  3.6257  1.7247  2.2611  3.7140  0.5017 -0.6215 -1.0188 -1.2486
 243  1.235836  3.6222  1.6661  2.3062  3.7009  0.4323 -0.7095 -1.1199 -1.3588
 244  1.235953  3.6189  1.6084  2.3504  3.6883  0.3654 -0.7940 -1.2183 -1.4667
 245  1.236059  3.6155  1.5518  2.3936  3.6772  0.3020 -0.8739 -1.3135 -1.5722
 246  1.236155  3.6123  1.4968  2.4355  3.6695  0.2433 -0.9483 -1.4050 -1.6748
 247  1.236242  3.6090  1.4422  2.4770  3.6628  0.1877 -1.0191 -1.4943 -1.7762
 248  1.236322  3.6057  1.3891  2.5171  3.6552  0.1356 -1.0862 -1.5800 -1.8739
 249  1.236394  3.6025  1.3368  2.5566  3.6463  0.0856 -1.1508 -1.6639 -1.9698
 250  1.236460  3.5994  1.2859  2.5949  3.6358  0.0385 -1.2124 -1.7446 -2.0625
 251  1.236522  3.5962  1.2355  2.6326  3.6254 -0.0062 -1.2702 -1.8233 -2.1539
 252  1.236577  3.5931  1.1864  2.6694  3.6160 -0.0474 -1.3223 -1.8990 -2.2430
 253  1.236628  3.5901  1.1384  2.7052  3.6072 -0.0862 -1.3691 -1.9719 -2.3301
 254  1.236676  3.5870  1.0912  2.7403  3.5985 -0.1222 -1.4102 -2.0427 -2.4159
 255  1.236720  3.5841  1.0452  2.7745  3.5895 -0.1549 -1.4451 -2.1108 -2.4994
 256  1.236760  3.5811  1.0000  2.8079  3.5815 -0.1839 -1.4747 -2.1761 -2.5809
 257  1.236798  3.5781  0.9556  2.8406  3.5737 -0.2090 -1.4977 -2.2391 -2.6611
 258  1.236833  3.5753  0.9121  2.8726  3.5674 -0.2320 -1.5196 -2.3001 -2.7394
 259  1.236865  3.5725  0.8697  2.9037  3.5638 -0.2510 -1.5385 -2.3579 -2.8153
 260  1.236896  3.5697  0.8280  2.9340  3.5619 -0.2650 -1.5514 -2.4128 -2.8890
 261  1.236924  3.5669  0.7871  2.9639  3.5642 -0.2744 -1.5606 -2.4647 -2.9604
 262  1.236950  3.5641  0.7471  2.9929  3.5670 -0.2779 -1.5598 -2.5131 -3.0294
 263  1.236975  3.5614  0.7080  3.0212  3.5672 -0.2773 -1.5461 -2.5596 -3.0972
 264  1.236998  3.5588  0.6695  3.0490  3.5650 -0.2676 -1.5155 -2.6010 -3.1624
 265  1.237020  3.5561  0.6319  3.0761  3.5557 -0.2427 -1.4530 -2.6349 -3.2247
 266  1.237040  3.5535  0.5952  3.1026  3.5366 -0.2077 -1.3642 -2.6623 -3.2834
 267  1.237060  3.5510  0.5590  3.1284  3.5140 -0.1587 -1.2542 -2.6817 -3.3376
 268  1.237078  3.5485  0.5236  3.1538  3.4887 -0.0893 -1.1158 -2.6898 -3.3863
 269  1.237095  3.5460  0.4891  3.1784  3.4642 -0.0049 -0.9613 -2.6885 -3.4292
 270  1.237112  3.5435  0.4552  3.2026  3.4443  0.0927 -0.8072 -2.6783 -3.4649
 271  1.237127  3.5411  0.4219  3.2262  3.4285  0.1946 -0.6657 -2.6634 -3.4950
 272  1.237142  3.5388  0.3894  3.2494  3.4153  0.2932 -0.5426 -2.6483 -3.5225
 273  1.237155  3.5365  0.3578  3.2718  3.4056  0.3862 -0.4404 -2.6340 -3.5478
 274  1.237168  3.5342  0.3265  3.2937  3.3990  0.4735 -0.3592 -2.6205 -3.5710
 275  1.237181  3.5319  0.2960  3.3153  3.3959  0.5488 -0.3062 -2.6110 -3.5939
 276  1.237193  3.5296  0.2658  3.3362  3.4000  0.6156 -0.2832 -2.6036 -3.6151
 277  1.237204  3.5273  0.2365  3.3564  3.4067  0.6763 -0.2744 -2.5968 -3.6345
 278  1.237215  3.5252  0.2092  3.3756  3.4119  0.7242 -0.2785 -2.5939 -3.6542
 279  1.237287  3.5232  0.1876  3.3888  3.4293  0.7828 -0.2792 -2.5753 -3.6573
