# Zini     MH   logAge Mini        int_IMF         Mass   logL    logTe  logg  label   McoreTP C_O  period0  period1  period2  period3  period4  pmode  Mloss  tau1m   X   Y   Xc  Xn  Xo  Cexcess  Z 	 mbolmag  umag    gmag    rmag    imag    zmag
0.0152 0.01508 7.77815 0.0900000036 1.0816895962    0.090 -2.595  3.4038  4.554    0  0.000  0.545     0.00     0.00     0.00     0.00     0.00 -1 -5.69e-16      0.00 7.092e-01 2.755e-01 2.746e-03 7.408e-04 6.719e-03 -1.000 1.527e-02 11.258 20.382 16.660 15.173 12.772 11.307
0.0152 0.01508 7.77815 0.0966756791 1.1427215338    0.097 -2.544  3.4101  4.559    0  0.000  0.545     0.00     0.00     0.00     0.00     0.00 -1 -6.15e-16      0.00 7.092e-01 2.755e-01 2.746e-03 7.408e-04 6.719e-03 -1.000 1.527e-02 11.129 20.262 16.534 15.045 12.644 11.178
0.0152 0.01508 7.77815 0.1000000015 1.1711064577    0.100 -2.520  3.4134  4.563    0  0.000  0.545     0.00     0.00     0.00     0.00     0.00 -1 -6.37e-16      0.00 7.092e-01 2.755e-01 2.746e-03 7.408e-04 6.719e-03 -1.000 1.527e-02 11.069 20.208 16.475 14.985 12.583 11.118
0.0152 0.01508 7.77815 0.1143343747 1.2807866335    0.114 -2.424  3.4248  4.571    0  0.000  0.545     0.00     0.00     0.00     0.00     0.00 -1 -7.35e-16      0.00 7.092e-01 2.755e-01 2.746e-03 7.408e-04 6.719e-03 -1.000 1.527e-02 10.829 19.611 15.991 14.509 12.203 10.825
0.0152 0.01508 7.77815 0.1200000122 1.3193155527    0.120 -2.389  3.4294  4.575    0  0.000  0.545     0.00     0.00     0.00     0.00     0.00 -1 -7.74e-16      0.00 7.092e-01 2.755e-01 2.746e-03 7.408e-04 6.719e-03 -1.000 1.527e-02 10.741 19.303 15.753 14.276 12.029 10.705
0.0152 0.01508 7.77815 0.1241602004 1.3461318016    0.124 -2.366  3.4321  4.578    0  0.000  0.545     0.00     0.00     0.00     0.00     0.00 -1    -8e-16      0.00 7.092e-01 2.755e-01 2.746e-03 7.408e-04 6.719e-03 -1.000 1.527e-02 10.684 19.129 15.615 14.143 11.927 10.630
0.0152 0.01508 7.77815 0.1400000006 1.4384527206    0.140 -2.283  3.4415  4.585    0  0.000  0.545     0.00     0.00     0.00     0.00     0.00 -1 -9.04e-16      0.00 7.092e-01 2.755e-01 2.746e-03 7.408e-04 6.719e-03 -1.000 1.527e-02 10.477 18.530 15.133 13.683 11.573 10.365
0.0152 0.01508 7.77815 0.1557109207 1.5174995661    0.156 -2.212  3.4496  4.593    0  0.000  0.545     0.00     0.00     0.00     0.00     0.00 -1    -1e-15      0.00 7.092e-01 2.755e-01 2.746e-03 7.408e-04 6.719e-03 -1.000 1.527e-02 10.300 18.031 14.727 13.291 11.276 10.141
0.0152 0.01508 7.77815 0.1599999964 1.5372931957    0.160 -2.194  3.4516  4.594    0  0.000  0.545     0.00     0.00     0.00     0.00     0.00 -1 -1.03e-15      0.00 7.092e-01 2.755e-01 2.746e-03 7.408e-04 6.719e-03 -1.000 1.527e-02 10.254 17.906 14.623 13.189 11.200 10.083
0.0152 0.01508 7.77815 0.2000000030 1.6938791275    0.200 -2.044  3.4680  4.607    0  0.000  0.545     0.00     0.00     0.00     0.00     0.00 -1 -1.28e-15      0.00 7.092e-01 2.755e-01 2.746e-03 7.408e-04 6.719e-03 -1.000 1.527e-02 9.879 16.944 13.818 12.394 10.613 9.628
0.0152 0.01508 7.77815 0.2500000000 1.8403258324    0.250 -1.898  3.4829  4.618    0  0.000  0.545     0.00     0.00     0.00     0.00     0.00 -1 -1.58e-15      0.00 7.092e-01 2.755e-01 2.746e-03 7.408e-04 6.719e-03 -1.000 1.527e-02 9.516 16.112 13.097 11.681 10.084 9.205
0.0152 0.01508 7.77815 0.3000000119 1.9529139996    0.300 -1.781  3.4945  4.626    0  0.000  0.545     0.00     0.00     0.00     0.00     0.00 -1 -1.87e-15      0.00 7.092e-01 2.755e-01 2.746e-03 7.408e-04 6.719e-03 -1.000 1.527e-02 9.222 15.499 12.549 11.134 9.678 8.875
0.0152 0.01508 7.77815 0.3491078019 2.0419528484    0.349 -1.680  3.5039  4.629    0  0.000  0.545     0.00     0.00     0.00     0.00     0.00 -1 -2.18e-15      0.00 7.092e-01 2.755e-01 2.746e-03 7.408e-04 6.719e-03 -1.000 1.527e-02 8.970 15.023 12.121 10.725 9.354 8.600
0.0152 0.01508 7.77815 0.3705108166 2.0758085251    0.371 -1.638  3.5081  4.629    0  0.000  0.545     0.00     0.00     0.00     0.00     0.00 -1 -2.32e-15      0.00 7.092e-01 2.755e-01 2.746e-03 7.408e-04 6.719e-03 -1.000 1.527e-02 8.865 14.822 11.940 10.553 9.219 8.485
0.0152 0.01508 7.77815 0.3832006752 2.0947036743    0.383 -1.613  3.5104  4.628    0  0.000  0.545     0.00     0.00     0.00     0.00     0.00 -1 -2.43e-15      0.00 7.092e-01 2.755e-01 2.746e-03 7.408e-04 6.719e-03 -1.000 1.527e-02 8.801 14.707 11.835 10.453 9.139 8.417
0.0152 0.01508 7.77815 0.4000000358 2.1185026169    0.400 -1.582  3.5133  4.627    0  0.000  0.545     0.00     0.00     0.00     0.00     0.00 -1 -2.55e-15      0.00 7.092e-01 2.755e-01 2.746e-03 7.408e-04 6.719e-03 -1.000 1.527e-02 8.724 14.572 11.709 10.331 9.042 8.334
0.0152 0.01508 7.77815 0.4500000477 2.1822810173    0.450 -1.486  3.5230  4.621    0  0.000  0.545     0.00     0.00     0.00     0.00     0.00 -1 -3.03e-15      0.00 7.092e-01 2.755e-01 2.746e-03 7.408e-04 6.719e-03 -1.000 1.527e-02 8.484 14.146 11.312 9.948 8.742 8.079
0.0152 0.01508 7.77815 0.5000000000 2.2374541759    0.500 -1.387  3.5336  4.611    0  0.000  0.545     0.00     0.00     0.00     0.00     0.00 -1 -3.65e-15      0.00 7.092e-01 2.755e-01 2.746e-03 7.408e-04 6.719e-03 -1.000 1.527e-02 8.238 13.721 10.906 9.558 8.436 7.820
0.0152 0.01508 7.77815 0.5308032036 2.2671012878    0.531 -1.320  3.5415  4.601    0  0.000  0.545     0.00     0.00     0.00     0.00     0.00 -1 -4.17e-15      0.00 7.092e-01 2.755e-01 2.746e-03 7.408e-04 6.719e-03 -1.000 1.527e-02 8.071 13.435 10.627 9.289 8.228 7.646
0.0152 0.01508 7.77815 0.5500000119 2.2836582661    0.550 -1.278  3.5469  4.596    0  0.000  0.545     0.00     0.00     0.00     0.00     0.00 -1 -4.53e-15      0.00 7.092e-01 2.755e-01 2.746e-03 7.408e-04 6.718e-03 -1.000 1.527e-02 7.966 13.255 10.448 9.115 8.095 7.536
0.0152 0.01508 7.77815 0.5546338558 2.2874579430    0.554 -1.269  3.5484  4.596    0  0.000  0.545     0.00     0.00     0.00     0.00     0.00 -1 -4.61e-15      0.00 7.092e-01 2.755e-01 2.746e-03 7.408e-04 6.718e-03 -1.000 1.527e-02 7.942 13.211 10.404 9.072 8.064 7.511
0.0152 0.01508 7.77815 0.5623565316 2.2936308384    0.562 -1.250  3.5511  4.594    0  0.000  0.545     0.00     0.00     0.00     0.00     0.00 -1 -4.78e-15      0.00 7.092e-01 2.755e-01 2.746e-03 7.408e-04 6.718e-03 -1.000 1.527e-02 7.895 13.129 10.322 8.991 8.004 7.463
0.0152 0.01508 7.77815 0.5942919254 2.3172099590    0.594 -1.156  3.5649  4.580    0  0.000  0.545     0.00     0.00     0.00     0.00     0.00 -1 -5.85e-15      0.00 7.092e-01 2.755e-01 2.746e-03 7.407e-04 6.718e-03 -1.000 1.527e-02 7.661 12.731 9.909 8.581 7.705 7.225
0.0152 0.01508 7.77815 0.6000000238 2.3211214542    0.600 -1.139  3.5677  4.577    0  0.000  0.545     0.00     0.00     0.00     0.00     0.00 -1 -6.07e-15      0.00 7.092e-01 2.755e-01 2.746e-03 7.407e-04 6.718e-03 -1.000 1.527e-02 7.617 12.656 9.829 8.503 7.649 7.180
0.0152 0.01508 7.77815 0.6108591557 2.3283312321    0.611 -1.104  3.5739  4.575    0  0.000  0.545     0.00     0.00     0.00     0.00     0.00 -1 -6.53e-15      0.00 7.092e-01 2.755e-01 2.746e-03 7.407e-04 6.718e-03 -1.000 1.527e-02 7.529 12.502 9.667 8.342 7.535 7.093
0.0152 0.01508 7.77815 0.6337038875 2.3425753117    0.634 -1.020  3.5893  4.569    0  0.000  0.545     0.00     0.00     0.00     0.00     0.00 -1 -7.82e-15      0.00 7.092e-01 2.755e-01 2.746e-03 7.407e-04 6.718e-03 -1.000 1.527e-02 7.320 12.135 9.278 7.964 7.268 6.888
0.0152 0.01508 7.77815 0.6499999762 2.3520355225    0.650 -0.955  3.6021  4.566    0  0.000  0.545     0.00     0.00     0.00     0.00     0.00 -1 -9.01e-15      0.00 7.092e-01 2.755e-01 2.745e-03 7.407e-04 6.718e-03 -1.000 1.527e-02 7.156 11.849 8.975 7.684 7.065 6.731
0.0152 0.01508 7.77815 0.6654269695 2.3605020046    0.665 -0.890  3.6163  4.568    0  0.000  0.545     0.00     0.00     0.00     0.00     0.00 -1 -1.03e-14      0.00 7.092e-01 2.755e-01 2.745e-03 7.407e-04 6.718e-03 -1.000 1.527e-02 6.994 11.540 8.656 7.401 6.863 6.575
0.0152 0.01508 7.77815 0.6820994616 2.3691585064    0.682 -0.820  3.6320  4.572    0  0.000  0.545     0.00     0.00     0.00     0.00     0.00 -1 -1.19e-14      0.00 7.092e-01 2.755e-01 2.745e-03 7.407e-04 6.718e-03 -1.000 1.527e-02 6.820 11.162 8.296 7.099 6.648 6.411
0.0152 0.01508 7.77815 0.6997975111 2.3778305054    0.700 -0.749  3.6487  4.579    0  0.000  0.545     0.00     0.00     0.00     0.00     0.00 -1 -1.38e-14      0.00 7.092e-01 2.755e-01 2.745e-03 7.407e-04 6.718e-03 -1.000 1.527e-02 6.641 10.666 7.914 6.797 6.432 6.242
0.0152 0.01508 7.77815 0.7000000477 2.3779268265    0.700 -0.748  3.6489  4.579    0  0.000  0.545     0.00     0.00     0.00     0.00     0.00 -1 -1.38e-14      0.00 7.092e-01 2.755e-01 2.745e-03 7.407e-04 6.718e-03 -1.000 1.527e-02 6.639 10.660 7.909 6.794 6.430 6.240
0.0152 0.01508 7.77815 0.7109314203 2.3830323219    0.711 -0.701  3.6625  4.593    0  0.000  0.543     0.00     0.00     0.00     0.00     0.00 -1  -1.5e-14      0.00 7.092e-01 2.755e-01 2.737e-03 7.404e-04 6.718e-03 -1.000 1.527e-02 6.524 10.221 7.632 6.599 6.287 6.128
0.0152 0.01508 7.77815 0.7158149481 2.3852553368    0.716 -0.688  3.6665  4.599    0  0.000  0.543     0.00     0.00     0.00     0.00     0.00 -1 -1.53e-14      0.00 7.092e-01 2.755e-01 2.734e-03 7.403e-04 6.718e-03 -1.000 1.527e-02 6.491 10.094 7.554 6.546 6.248 6.097
0.0152 0.01508 7.77815 0.7500000000 2.3998889923    0.750 -0.633  3.6835  4.632    0  0.000  0.538     0.00     0.00     0.00     0.00     0.00 -1 -1.64e-14      0.00 7.093e-01 2.755e-01 2.709e-03 7.396e-04 6.718e-03 -1.000 1.527e-02 6.351 9.562 7.238 6.338 6.085 5.964
0.0152 0.01508 7.77815 0.7761399746 2.4100842476    0.776 -0.586  3.6930  4.638    0  0.000  0.538     0.00     0.00     0.00     0.00     0.00 -1 -1.79e-14      0.00 7.093e-01 2.754e-01 2.708e-03 7.396e-04 6.718e-03 -1.000 1.527e-02 6.236 9.249 7.036 6.192 5.962 5.855
0.0152 0.01508 7.77815 0.8000000119 2.4187245369    0.800 -0.549  3.6994  4.640    0  0.000  0.538     0.00     0.00     0.00     0.00     0.00 -1 -1.92e-14      0.00 7.093e-01 2.754e-01 2.708e-03 7.396e-04 6.717e-03 -1.000 1.527e-02 6.142 9.016 6.885 6.081 5.864 5.767
0.0152 0.01508 7.77815 0.8500000238 2.4350347519    0.850 -0.441  3.7157  4.623    0  0.000  0.538     0.00     0.00     0.00     0.00     0.00 -1 -2.43e-14      0.00 7.093e-01 2.754e-01 2.708e-03 7.395e-04 6.717e-03 -1.000 1.527e-02 5.872 8.425 6.491 5.775 5.589 5.515
0.0152 0.01508 7.77815 0.8825284839 2.4445121288    0.882 -0.380  3.7245  4.613    0  0.000  0.538     0.00     0.00     0.00     0.00     0.00 -1 -2.76e-14      0.00 7.094e-01 2.754e-01 2.708e-03 7.395e-04 6.716e-03 -1.000 1.524e-02 5.720 8.107 6.280 5.607 5.436 5.375
0.0152 0.01508 7.77815 0.9000000358 2.4492788315    0.899 -0.341  3.7301  4.605    0  0.000  0.538     0.00     0.00     0.00     0.00     0.00 -1 -3.02e-14      0.00 7.093e-01 2.754e-01 2.708e-03 7.394e-04 6.716e-03 -1.000 1.524e-02 5.622 7.910 6.148 5.501 5.339 5.284
0.0152 0.01508 7.77815 0.9429094195 2.4601278305    0.942 -0.248  3.7424  4.582    0  0.000  0.538     0.00     0.00     0.00     0.00     0.00 -1 -3.74e-14      0.00 7.094e-01 2.753e-01 2.708e-03 7.394e-04 6.715e-03 -1.000 1.527e-02 5.390 7.461 5.843 5.256 5.115 5.076
0.0152 0.01508 7.77815 0.9543751478 2.4628374577    0.954 -0.223  3.7457  4.576    0  0.000  0.538     0.00     0.00     0.00     0.00     0.00 -1 -3.97e-14      0.00 7.094e-01 2.753e-01 2.708e-03 7.393e-04 6.715e-03 -1.000 1.527e-02 5.328 7.336 5.763 5.193 5.057 5.022
0.0152 0.01508 7.77815 0.9926232100 2.4713582993    0.993 -0.143  3.7561  4.555    0  0.000  0.538     0.00     0.00     0.00     0.00     0.00 -1 -4.79e-14      0.00 7.094e-01 2.753e-01 2.707e-03 7.392e-04 6.714e-03 -1.000 1.527e-02 5.129 6.956 5.511 4.990 4.870 4.848
0.0152 0.01508 7.77815 1.0000000000 2.4729156494    1.000 -0.129  3.7580  4.551    0  0.000  0.538     0.00     0.00     0.00     0.00     0.00 -1 -4.96e-14      0.00 7.094e-01 2.753e-01 2.707e-03 7.392e-04 6.714e-03 -1.000 1.527e-02 5.092 6.888 5.465 4.953 4.836 4.816
0.0152 0.01508 7.77815 1.0499999523 2.4828116894    1.050 -0.032  3.7697  4.522    0  0.000  0.538     0.00     0.00     0.00     0.00     0.00 -1 -5.82e-14      0.00 7.095e-01 2.752e-01 2.707e-03 7.390e-04 6.713e-03 -1.000 1.525e-02 4.850 6.472 5.170 4.712 4.613 4.607
0.0152 0.01508 7.77815 1.1000000238 2.4916803837    1.099  0.066  3.7808  4.488    0  0.000  0.538     0.00     0.00     0.00     0.00     0.00 -1 -6.82e-14      0.00 7.097e-01 2.751e-01 2.706e-03 7.388e-04 6.710e-03 -1.000 1.527e-02 4.604 6.080 4.877 4.470 4.389 4.396
0.0152 0.01508 7.77815 1.1474306583 2.4992768764    1.147  0.164  3.7924  4.455    0  0.000  0.538     0.00     0.00     0.00     0.00     0.00 -1 -7.99e-14      0.00 7.098e-01 2.750e-01 2.704e-03 7.384e-04 6.707e-03 -1.000 1.518e-02 4.360 5.717 4.590 4.234 4.171 4.191
0.0152 0.01508 7.77815 1.1499999762 2.4996678829    1.149  0.169  3.7929  4.453    0  0.000  0.538     0.00     0.00     0.00     0.00     0.00 -1 -8.04e-14      0.00 7.099e-01 2.750e-01 2.704e-03 7.384e-04 6.707e-03 -1.000 1.517e-02 4.348 5.701 4.577 4.223 4.161 4.181
0.0152 0.01508 7.77815 1.2000000477 2.5068950653    1.200  0.258  3.8027  4.421    0  0.000  0.538     0.00     0.00     0.00     0.00     0.00 -1  -9.1e-14      0.00 7.099e-01 2.748e-01 2.704e-03 7.382e-04 6.706e-03 -1.000 1.526e-02 4.124 5.393 4.319 4.007 3.960 3.991
0.0152 0.01508 7.77815 1.2500000000 2.5134611130    1.250  0.345  3.8124  4.392    0  0.000  0.538     0.00     0.00     0.00     0.00     0.00 -1 -1.02e-13      0.00 7.099e-01 2.748e-01 2.704e-03 7.382e-04 6.706e-03 -1.000 1.525e-02 3.908 5.111 4.073 3.801 3.770 3.811
0.0152 0.01508 7.77815 1.2999999523 2.5194499493    1.300  0.426  3.8216  4.364    0  0.000  0.538     0.00     0.00     0.00     0.00     0.00 -1  -1.1e-13      0.00 7.100e-01 2.748e-01 2.704e-03 7.382e-04 6.705e-03 -1.000 1.525e-02 3.705 4.866 3.843 3.605 3.588 3.639
0.0152 0.01508 7.77815 1.3500001431 2.5249314308    1.350  0.503  3.8311  4.341    0  0.000  0.538     0.00     0.00     0.00     0.00     0.00 -1 -1.16e-13      0.00 7.100e-01 2.748e-01 2.703e-03 7.382e-04 6.704e-03 -1.000 1.521e-02 3.512 4.638 3.624 3.419 3.418 3.479
0.0152 0.01508 7.77815 1.4000000954 2.5299651623    1.400  0.576  3.8407  4.323    0  0.000  0.538     0.00     0.00     0.00     0.00     0.00 -1 -1.18e-13      0.00 7.100e-01 2.748e-01 2.703e-03 7.381e-04 6.704e-03 -1.000 1.519e-02 3.330 4.431 3.416 3.245 3.260 3.332
0.0152 0.01508 7.77815 1.4500000477 2.5346016884    1.450  0.644  3.8515  4.313    0  0.000  0.538     0.00     0.00     0.00     0.00     0.00 -1 -1.15e-13      0.00 7.100e-01 2.747e-01 2.703e-03 7.381e-04 6.704e-03 -1.000 1.525e-02 3.160 4.240 3.220 3.086 3.118 3.202
0.0152 0.01508 7.77815 1.5000000000 2.5388846397    1.500  0.710  3.8636  4.311    0  0.000  0.538     0.00     0.00     0.00     0.00     0.00 -1 -1.05e-13      0.00 7.101e-01 2.747e-01 2.702e-03 7.380e-04 6.703e-03 -1.000 1.524e-02 2.996 4.058 3.030 2.936 2.988 3.085
0.0152 0.01508 7.77815 1.5500001907 2.5428512096    1.550  0.772  3.8769  4.316    0  0.000  0.538     0.00     0.00     0.00     0.00     0.00 -1 -8.92e-14      0.00 7.101e-01 2.746e-01 2.702e-03 7.379e-04 6.702e-03 -1.000 1.525e-02 2.840 3.890 2.847 2.796 2.872 2.982
0.0152 0.01508 7.77815 1.6000000238 2.5465342999    1.600  0.833  3.8901  4.322    0  0.000  0.538     0.00     0.00     0.00     0.00     0.00 -1  -6.7e-14      0.00 7.102e-01 2.746e-01 2.702e-03 7.378e-04 6.701e-03 -1.000 1.524e-02 2.688 3.729 2.671 2.663 2.762 2.884
0.0152 0.01508 7.77815 1.6500000954 2.5499615669    1.649  0.890  3.9026  4.328    0  0.000  0.538     0.00     0.00     0.00     0.00     0.00 -1 -3.74e-14      0.00 7.102e-01 2.746e-01 2.702e-03 7.377e-04 6.701e-03 -1.000 1.523e-02 2.544 3.580 2.509 2.542 2.662 2.796
0.0152 0.01508 7.77815 1.7000000477 2.5531582832    1.699  0.946  3.9146  4.332    0  0.000  0.538     0.00     0.00     0.00     0.00     0.00 -1    -1e-30      0.00 7.102e-01 2.745e-01 2.701e-03 7.377e-04 6.700e-03 -1.000 1.523e-02 2.405 3.437 2.356 2.429 2.568 2.712
0.0152 0.01508 7.77815 1.7500000000 2.5561456680    1.749  1.000  3.9259  4.336    0  0.000  0.538     0.00     0.00     0.00     0.00     0.00 -1    -1e-30      0.00 7.102e-01 2.745e-01 2.701e-03 7.376e-04 6.700e-03 -1.000 1.524e-02 2.270 3.299 2.215 2.324 2.482 2.633
0.0152 0.01508 7.77815 1.8000000715 2.5589430332    1.799  1.052  3.9365  4.339    0  0.000  0.538     0.00     0.00     0.00     0.00     0.00 -1    -1e-30      0.00 7.103e-01 2.745e-01 2.701e-03 7.375e-04 6.699e-03 -1.000 1.522e-02 2.141 3.164 2.085 2.227 2.400 2.558
0.0152 0.01508 7.77815 1.8500000238 2.5615673065    1.849  1.101  3.9464  4.342    1  0.000  0.538     0.00     0.00     0.00     0.00     0.00 -1    -1e-30      0.00 7.103e-01 2.744e-01 2.700e-03 7.375e-04 6.699e-03 -1.000 1.522e-02 2.018 3.035 1.971 2.140 2.324 2.488
0.0152 0.01508 7.77815 1.9000000954 2.5640332699    1.899  1.149  3.9559  4.344    1  0.000  0.538     0.00     0.00     0.00     0.00     0.00 -1    -1e-30      0.00 7.103e-01 2.745e-01 2.700e-03 7.374e-04 6.698e-03 -1.000 1.521e-02 1.899 2.910 1.866 2.056 2.251 2.420
0.0152 0.01508 7.77815 1.9500001669 2.5663545132    1.950  1.195  3.9650  4.345    1  0.000  0.538     0.00     0.00     0.00     0.00     0.00 -1    -1e-30      0.00 7.104e-01 2.744e-01 2.700e-03 7.374e-04 6.698e-03 -1.000 1.520e-02 1.782 2.790 1.769 1.978 2.182 2.355
0.0152 0.01508 7.77815 2.0000000000 2.5685424805    2.000  1.240  3.9736  4.346    1  0.000  0.537     0.00     0.00     0.00     0.00     0.00 -1    -1e-30      0.00 7.104e-01 2.744e-01 2.700e-03 7.373e-04 6.698e-03 -1.000 1.527e-02 1.670 2.676 1.680 1.904 2.116 2.293
0.0152 0.01508 7.77815 2.0499999523 2.5706083775    2.050  1.283  3.9818  4.345    1  0.000  0.538     0.00     0.00     0.00     0.00     0.00 -1    -1e-30      0.00 7.104e-01 2.744e-01 2.700e-03 7.373e-04 6.697e-03 -1.000 1.523e-02 1.561 2.567 1.596 1.834 2.052 2.232
0.0152 0.01508 7.77815 2.0999999046 2.5725615025    2.099  1.326  3.9895  4.344    1  0.000  0.538     0.00     0.00     0.00     0.00     0.00 -1    -1e-30      0.00 7.104e-01 2.744e-01 2.700e-03 7.372e-04 6.697e-03 -1.000 1.519e-02 1.455 2.462 1.515 1.765 1.989 2.172
0.0152 0.01508 7.77815 2.1500000954 2.5744106770    2.149  1.367  3.9970  4.343    1  0.000  0.537     0.00     0.00     0.00     0.00     0.00 -1    -1e-30      0.00 7.105e-01 2.743e-01 2.699e-03 7.372e-04 6.696e-03 -1.000 1.521e-02 1.352 2.360 1.440 1.699 1.929 2.114
0.0152 0.01508 7.77815 2.2000000477 2.5761635303    2.199  1.408  4.0040  4.341    1  0.000  0.538     0.00     0.00     0.00     0.00     0.00 -1    -1e-30      0.00 7.104e-01 2.743e-01 2.700e-03 7.372e-04 6.696e-03 -1.000 1.526e-02 1.251 2.260 1.366 1.634 1.868 2.056
0.0152 0.01508 7.77815 2.2500000000 2.5778269768    2.249  1.447  4.0108  4.338    1  0.000  0.538     0.00     0.00     0.00     0.00     0.00 -1    -1e-30      0.00 7.105e-01 2.743e-01 2.700e-03 7.372e-04 6.696e-03 -1.000 1.525e-02 1.153 2.164 1.295 1.571 1.809 1.999
0.0152 0.01508 7.77815 2.2999999523 2.5794074535    2.299  1.485  4.0174  4.336    1  0.000  0.538     0.00     0.00     0.00     0.00     0.00 -1    -1e-30      0.00 7.105e-01 2.743e-01 2.700e-03 7.371e-04 6.696e-03 -1.000 1.525e-02 1.058 2.070 1.227 1.509 1.751 1.943
0.0152 0.01508 7.77815 2.3190219402 2.5799882412    2.318  1.499  4.0198  4.335    1  0.000  0.538     0.00     0.00     0.00     0.00     0.00 -1    -1e-30      0.00 7.105e-01 2.743e-01 2.699e-03 7.371e-04 6.695e-03 -1.000 1.524e-02 1.022 2.035 1.201 1.486 1.729 1.923
0.0152 0.01508 7.77815 2.4000000954 2.5823426247    2.399  1.559  4.0300  4.331    1  0.000  0.538     0.00     0.00     0.00     0.00     0.00 -1    -1e-30      0.00 7.105e-01 2.743e-01 2.699e-03 7.371e-04 6.695e-03 -1.000 1.521e-02 0.872 1.889 1.095 1.390 1.638 1.835
0.0152 0.01508 7.77815 2.5859467983 2.5871126652    2.586  1.689  4.0513  4.319    1  0.000  0.538     0.00     0.00     0.00     0.00     0.00 -1    -1e-30      0.00 7.093e-01 2.754e-01 2.709e-03 7.397e-04 6.718e-03 -1.000 1.527e-02 0.548 1.576 0.869 1.179 1.436 1.642
0.0152 0.01508 7.77815 2.5999999046 2.5874414444    2.600  1.698  4.0528  4.318    1  0.000  0.538     0.00     0.00     0.00     0.00     0.00 -1    -1e-30      0.00 7.092e-01 2.755e-01 2.710e-03 7.399e-04 6.720e-03 -1.000 1.527e-02 0.525 1.553 0.852 1.164 1.421 1.627
0.0152 0.01508 7.77815 2.8000001907 2.5917119980    2.800  1.828  4.0735  4.303    1  0.000  0.538     0.00     0.00     0.00     0.00     0.00 -1    -1e-30      0.00 7.092e-01 2.755e-01 2.710e-03 7.399e-04 6.720e-03 -1.000 1.527e-02 0.201 1.244 0.628 0.952 1.216 1.431
0.0152 0.01508 7.77815 2.9854984283 2.5950903893    2.986  1.940  4.0909  4.289    1  0.000  0.538     0.00     0.00     0.00     0.00     0.00 -1    -1e-30      0.00 7.092e-01 2.755e-01 2.710e-03 7.399e-04 6.720e-03 -1.000 1.527e-02 -0.080 0.982 0.434 0.767 1.037 1.260
0.0152 0.01508 7.77815 3.0000000000 2.5953342915    3.000  1.949  4.0923  4.288    1  0.000  0.538     0.00     0.00     0.00     0.00     0.00 -1    -1e-30      0.00 7.092e-01 2.755e-01 2.710e-03 7.399e-04 6.720e-03 -1.000 1.527e-02 -0.101 0.962 0.420 0.753 1.023 1.247
0.0152 0.01508 7.77815 3.1960794926 2.5983843803    3.195  2.060  4.1092  4.271    1  0.000  0.538     0.00     0.00     0.00     0.00     0.00 -1    -1e-30      0.00 7.092e-01 2.755e-01 2.710e-03 7.399e-04 6.720e-03 -1.000 1.527e-02 -0.381 0.707 0.227 0.569 0.844 1.075
0.0152 0.01508 7.77815 3.2000000477 2.5984411240    3.199  2.062  4.1096  4.271    1  0.000  0.538     0.00     0.00     0.00     0.00     0.00 -1    -1e-30      0.00 7.092e-01 2.755e-01 2.710e-03 7.399e-04 6.720e-03 -1.000 1.527e-02 -0.386 0.702 0.224 0.566 0.841 1.072
0.0152 0.01508 7.77815 3.3449101448 2.6004271507    3.343  2.141  4.1212  4.258    1  0.000  0.538     0.00     0.00     0.00     0.00     0.00 -1    -1e-30      0.00 7.092e-01 2.755e-01 2.710e-03 7.399e-04 6.720e-03 -1.000 1.527e-02 -0.583 0.527 0.089 0.437 0.715 0.951
0.0152 0.01508 7.77815 3.4000000954 2.6011312008    3.398  2.170  4.1255  4.253    1  0.000  0.538     0.00     0.00     0.00     0.00     0.00 -1    -1e-30      0.00 7.092e-01 2.755e-01 2.710e-03 7.399e-04 6.720e-03 -1.000 1.527e-02 -0.656 0.463 0.039 0.389 0.668 0.905
0.0152 0.01508 7.77815 3.4569957256 2.6018326283    3.455  2.200  4.1298  4.248    1  0.000  0.538     0.00     0.00     0.00     0.00     0.00 -1    -1e-30      0.00 7.092e-01 2.755e-01 2.710e-03 7.399e-04 6.720e-03 -1.000 1.527e-02 -0.730 0.398 -0.012 0.340 0.620 0.859
0.0152 0.01508 7.77815 3.6000001431 2.6034805775    3.598  2.273  4.1404  4.235    1  0.000  0.538     0.00     0.00     0.00     0.00     0.00 -1    -1e-30      0.00 7.092e-01 2.755e-01 2.710e-03 7.399e-04 6.720e-03 -1.000 1.527e-02 -0.912 0.238 -0.138 0.219 0.502 0.746
0.0152 0.01508 7.77815 3.6525356770 2.6040489674    3.650  2.299  4.1440  4.229    1  0.000  0.538     0.00     0.00     0.00     0.00     0.00 -1    -1e-30      0.00 7.092e-01 2.755e-01 2.710e-03 7.399e-04 6.720e-03 -1.000 1.527e-02 -0.977 0.181 -0.183 0.175 0.459 0.705
0.0152 0.01508 7.77815 3.8000001907 2.6055479050    3.798  2.371  4.1539  4.214    1  0.000  0.538     0.00     0.00     0.00     0.00     0.00 -1    -1e-30      0.00 7.092e-01 2.755e-01 2.710e-03 7.399e-04 6.720e-03 -1.000 1.527e-02 -1.158 0.025 -0.309 0.054 0.341 0.590
0.0152 0.01508 7.77815 4.0000000000 2.6073791981    4.001  2.466  4.1665  4.192    1  0.000  0.538     0.00     0.00     0.00     0.00     0.00 -1    -1e-30      0.00 7.092e-01 2.755e-01 2.710e-03 7.399e-04 6.720e-03 -1.000 1.527e-02 -1.395 -0.179 -0.477 -0.108 0.182 0.436
0.0152 0.01508 7.77815 4.0465102196 2.6077754498    4.046  2.487  4.1692  4.187    1  0.000  0.538     0.00     0.00     0.00     0.00     0.00 -1    -1e-30      0.00 7.092e-01 2.755e-01 2.710e-03 7.399e-04 6.720e-03 -1.000 1.527e-02 -1.449 -0.226 -0.516 -0.145 0.146 0.400
0.0152 0.01508 7.77815 4.1897730827 2.6089322567    4.188  2.553  4.1774  4.169    1  0.000  0.538     0.00     0.00     0.00     0.00     0.00 -1    -1e-30      0.00 7.092e-01 2.755e-01 2.710e-03 7.399e-04 6.720e-03 -1.000 1.527e-02 -1.613 -0.367 -0.635 -0.260 0.033 0.290
0.0152 0.01508 7.77815 4.1999998093 2.6090114117    4.198  2.558  4.1780  4.167    1  0.000  0.538     0.00     0.00     0.00     0.00     0.00 -1    -1e-30      0.00 7.092e-01 2.755e-01 2.710e-03 7.399e-04 6.720e-03 -1.000 1.527e-02 -1.624 -0.377 -0.643 -0.268 0.025 0.283
0.0152 0.01508 7.77815 4.2714691162 2.6095523834    4.269  2.590  4.1819  4.158    1  0.000  0.538     0.00     0.00     0.00     0.00     0.00 -1    -1e-30      0.00 7.092e-01 2.755e-01 2.710e-03 7.399e-04 6.720e-03 -1.000 1.527e-02 -1.704 -0.446 -0.701 -0.324 -0.030 0.228
0.0152 0.01508 7.77815 4.4000000954 2.6104743481    4.397  2.647  4.1885  4.141    1  0.000  0.538     0.00     0.00     0.00     0.00     0.00 -1    -1e-30      0.00 7.092e-01 2.755e-01 2.710e-03 7.399e-04 6.720e-03 -1.000 1.527e-02 -1.847 -0.569 -0.806 -0.426 -0.130 0.131
0.0152 0.01508 7.77815 4.4874768257 2.6110670567    4.485  2.685  4.1928  4.128    1  0.000  0.538     0.00     0.00     0.00     0.00     0.00 -1    -1e-30      0.00 7.092e-01 2.755e-01 2.710e-03 7.399e-04 6.720e-03 -1.000 1.527e-02 -1.941 -0.651 -0.877 -0.495 -0.198 0.065
0.0152 0.01508 7.77815 4.5999999046 2.6117916107    4.598  2.733  4.1980  4.111    1  0.000  0.538     0.00     0.00     0.00     0.00     0.00 -1    -1e-30      0.00 7.092e-01 2.755e-01 2.710e-03 7.399e-04 6.720e-03 -1.000 1.527e-02 -2.063 -0.757 -0.970 -0.585 -0.286 -0.022
0.0152 0.01508 7.77815 4.6732501984 2.6122419834    4.671  2.764  4.2012  4.100    1  0.000  0.538     0.00     0.00     0.00     0.00     0.00 -1    -1e-30      0.00 7.092e-01 2.755e-01 2.710e-03 7.399e-04 6.720e-03 -1.000 1.527e-02 -2.141 -0.825 -1.030 -0.643 -0.344 -0.079
0.0152 0.01508 7.77815 4.8000001907 2.6129837036    4.798  2.819  4.2063  4.077    1  0.000  0.538     0.00     0.00     0.00     0.00     0.00 -1    -1e-30      0.00 7.092e-01 2.755e-01 2.710e-03 7.399e-04 6.720e-03 -1.000 1.527e-02 -2.277 -0.946 -1.138 -0.749 -0.448 -0.182
0.0152 0.01508 7.77815 4.8969469070 2.6135213375    4.895  2.860  4.2098  4.059    1  0.000  0.538     0.00     0.00     0.00     0.00     0.00 -1    -1e-30      0.00 7.092e-01 2.755e-01 2.710e-03 7.399e-04 6.720e-03 -1.000 1.527e-02 -2.380 -1.039 -1.222 -0.830 -0.528 -0.261
0.0152 0.01508 7.77815 5.0000000000 2.6140668392    4.999  2.904  4.2132  4.038    1  0.000  0.538     0.00     0.00     0.00     0.00     0.00 -1    -1e-30      0.00 7.092e-01 2.755e-01 2.710e-03 7.399e-04 6.720e-03 -1.000 1.527e-02 -2.489 -1.138 -1.312 -0.919 -0.616 -0.348
0.0152 0.01508 7.77815 5.0267753601 2.6142041683    5.026  2.915  4.2141  4.033    1  0.000  0.538     0.00     0.00     0.00     0.00     0.00 -1    -1e-30      0.00 7.092e-01 2.755e-01 2.710e-03 7.399e-04 6.720e-03 -1.000 1.527e-02 -2.517 -1.163 -1.336 -0.942 -0.639 -0.370
0.0152 0.01508 7.77815 5.1602010727 2.6148650646    5.160  2.971  4.2178  4.003    1  0.000  0.538     0.00     0.00     0.00     0.00     0.00 -1    -1e-30      0.00 7.092e-01 2.755e-01 2.710e-03 7.399e-04 6.720e-03 -1.000 1.527e-02 -2.657 -1.292 -1.454 -1.059 -0.754 -0.485
0.0152 0.01508 7.77815 5.1999998093 2.6150546074    5.200  2.987  4.2187  3.993    1  0.000  0.538     0.00     0.00     0.00     0.00     0.00 -1    -1e-30      0.00 7.092e-01 2.755e-01 2.710e-03 7.399e-04 6.720e-03 -1.000 1.527e-02 -2.699 -1.331 -1.491 -1.095 -0.791 -0.521
0.0152 0.01508 7.77815 5.2827906609 2.6154382229    5.283  3.022  4.2205  3.973    1  0.000  0.538     0.00     0.00     0.00     0.00     0.00 -1    -1e-30      0.00 7.092e-01 2.755e-01 2.710e-03 7.399e-04 6.720e-03 -1.000 1.527e-02 -2.785 -1.413 -1.568 -1.171 -0.866 -0.595
0.0152 0.01508 7.77815 5.3843259811 2.6158905029    5.385  3.065  4.2219  3.944    1  0.000  0.538     0.00     0.00     0.00     0.00     0.00 -1    -1e-30      0.00 7.092e-01 2.755e-01 2.710e-03 7.399e-04 6.720e-03 -1.000 1.527e-02 -2.893 -1.519 -1.669 -1.271 -0.965 -0.695
0.0152 0.01508 7.77815 5.3999996185 2.6159586906    5.401  3.072  4.2221  3.939    1  0.000  0.538     0.00     0.00     0.00     0.00     0.00 -1    -1e-30      0.00 7.092e-01 2.755e-01 2.710e-03 7.399e-04 6.720e-03 -1.000 1.527e-02 -2.910 -1.535 -1.685 -1.287 -0.981 -0.711
0.0152 0.01508 7.77815 5.4790172577 2.6162950993    5.480  3.106  4.2227  3.914    1  0.000  0.538     0.00     0.00     0.00     0.00     0.00 -1    -1e-30      0.00 7.092e-01 2.755e-01 2.710e-03 7.399e-04 6.720e-03 -1.000 1.527e-02 -2.994 -1.619 -1.765 -1.367 -1.061 -0.791
0.0152 0.01508 7.77815 5.5999994278 2.6167888641    5.601  3.157  4.2229  3.872    1  0.000  0.538     0.00     0.00     0.00     0.00     0.00 -1    -1e-30      0.00 7.092e-01 2.755e-01 2.710e-03 7.399e-04 6.720e-03 -1.000 1.527e-02 -3.123 -1.751 -1.895 -1.496 -1.191 -0.920
0.0152 0.01508 7.77815 5.6342625618 2.6169242859    5.635  3.172  4.2228  3.860    1  0.000  0.538     0.00     0.00     0.00     0.00     0.00 -1    -1e-30      0.00 7.092e-01 2.755e-01 2.710e-03 7.399e-04 6.720e-03 -1.000 1.527e-02 -3.160 -1.788 -1.932 -1.533 -1.228 -0.958
0.0152 0.01508 7.77815 5.7371892929 2.6173200607    5.738  3.217  4.2210  3.816    1  0.000  0.538     0.00     0.00     0.00     0.00     0.00 -1    -1e-30      0.00 7.092e-01 2.755e-01 2.710e-03 7.399e-04 6.720e-03 -1.000 1.527e-02 -3.272 -1.910 -2.055 -1.658 -1.353 -1.083
0.0152 0.01508 7.77815 5.8000001907 2.6175537109    5.801  3.244  4.2193  3.786    1  0.000  0.538     0.00     0.00     0.00     0.00     0.00 -1    -1e-30      0.00 7.092e-01 2.755e-01 2.710e-03 7.399e-04 6.720e-03 -1.000 1.527e-02 -3.341 -1.987 -2.134 -1.737 -1.433 -1.165
0.0152 0.01508 7.77815 5.8745269775 2.6178233624    5.875  3.277  4.2168  3.749    1  0.000  0.538     0.00     0.00     0.00     0.00     0.00 -1    -1e-30      0.00 7.092e-01 2.755e-01 2.710e-03 7.399e-04 6.720e-03 -1.000 1.527e-02 -3.423 -2.079 -2.230 -1.835 -1.531 -1.264
0.0152 0.01508 7.77815 5.9620599747 2.6181302071    5.963  3.316  4.2127  3.700    1  0.000  0.538     0.00     0.00     0.00     0.00     0.00 -1    -1e-30      0.00 7.092e-01 2.755e-01 2.710e-03 7.399e-04 6.720e-03 -1.000 1.527e-02 -3.520 -2.193 -2.352 -1.958 -1.655 -1.390
0.0152 0.01508 7.77815 6.0000000000 2.6182601452    6.000  3.334  4.2099  3.674    1  0.000  0.538     0.00     0.00     0.00     0.00     0.00 -1    -1e-30      0.00 7.092e-01 2.755e-01 2.710e-03 7.399e-04 6.720e-03 -1.000 1.527e-02 -3.564 -2.248 -2.411 -2.019 -1.717 -1.453
0.0152 0.01508 7.77815 6.0542259216 2.6184422970    6.054  3.359  4.2057  3.636    1  0.000  0.538     0.00     0.00     0.00     0.00     0.00 -1    -1e-30      0.00 7.092e-01 2.755e-01 2.710e-03 7.399e-04 6.720e-03 -1.000 1.527e-02 -3.627 -2.327 -2.498 -2.108 -1.807 -1.545
0.0152 0.01508 7.77815 6.1384859085 2.6187183857    6.138  3.398  4.1977  3.571    1  0.000  0.538     0.00     0.00     0.00     0.00     0.00 -1    -1e-30      0.00 7.092e-01 2.755e-01 2.710e-03 7.399e-04 6.720e-03 -1.000 1.527e-02 -3.726 -2.456 -2.643 -2.256 -1.958 -1.700
0.0152 0.01508 7.77815 6.1999998093 2.6189143658    6.200  3.429  4.1906  3.516    1  0.000  0.538     0.00     0.00     0.00     0.00     0.00 -1    -1e-30      0.00 7.092e-01 2.755e-01 2.710e-03 7.399e-04 6.720e-03 -1.000 1.527e-02 -3.802 -2.557 -2.760 -2.376 -2.080 -1.825
0.0152 0.01508 7.77815 6.2095813751 2.6189444065    6.209  3.433  4.1895  3.508    1  0.000  0.538     0.00     0.00     0.00     0.00     0.00 -1    -1e-30      0.00 7.092e-01 2.755e-01 2.710e-03 7.399e-04 6.720e-03 -1.000 1.527e-02 -3.813 -2.573 -2.778 -2.395 -2.099 -1.844
0.0152 0.01508 7.77815 6.2713384628 2.6191360950    6.271  3.467  4.1832  3.453    1  0.000  0.538     0.00     0.00     0.00     0.00     0.00 -1    -1e-30      0.00 7.092e-01 2.755e-01 2.710e-03 7.399e-04 6.720e-03 -1.000 1.527e-02 -3.897 -2.681 -2.897 -2.517 -2.223 -1.971
0.0152 0.01508 7.77815 6.2959842682 2.6192114353    6.295  3.481  4.1812  3.433    1  0.000  0.538     0.00     0.00     0.00     0.00     0.00 -1    -1e-30      0.00 7.092e-01 2.755e-01 2.710e-03 7.399e-04 6.720e-03 -1.000 1.527e-02 -3.932 -2.724 -2.943 -2.565 -2.271 -2.020
0.0152 0.01508 7.77815 6.3074274063 2.6192460060    6.307  3.490  4.1839  3.435    1  0.000  0.538     0.00     0.00     0.00     0.00     0.00 -1    -1e-30      0.00 7.092e-01 2.755e-01 2.710e-03 7.399e-04 6.720e-03 -1.000 1.527e-02 -3.956 -2.738 -2.951 -2.572 -2.277 -2.025
0.0152 0.01508 7.77815 6.3290557861 2.6193113327    6.328  3.513  4.1955  3.460    1  0.000  0.538     0.00     0.00     0.00     0.00     0.00 -1    -1e-30      0.00 7.092e-01 2.755e-01 2.710e-03 7.399e-04 6.720e-03 -1.000 1.527e-02 -4.013 -2.758 -2.944 -2.559 -2.261 -2.005
0.0152 0.01508 7.77815 6.3350291252 2.6193292141    6.334  3.527  4.2063  3.489    1  0.000  0.538     0.00     0.00     0.00     0.00     0.00 -1    -1e-30      0.00 7.092e-01 2.755e-01 2.710e-03 7.399e-04 6.720e-03 -1.000 1.527e-02 -4.049 -2.757 -2.919 -2.528 -2.228 -1.967
0.0152 0.01508 7.77815 6.3376989365 2.6193373203    6.337  3.542  4.2173  3.519    1  0.000  0.538     0.00     0.00     0.00     0.00     0.00 -1    -1e-30      0.00 7.092e-01 2.755e-01 2.710e-03 7.399e-04 6.720e-03 -1.000 1.527e-02 -4.086 -2.756 -2.894 -2.498 -2.194 -1.929
0.0152 0.01508 7.77815 6.3389959335 2.6193411350    6.338  3.559  4.2274  3.543    1  0.000  0.538     0.00     0.00     0.00     0.00     0.00 -1    -1e-30      0.00 7.092e-01 2.755e-01 2.710e-03 7.399e-04 6.720e-03 -1.000 1.527e-02 -4.127 -2.763 -2.879 -2.478 -2.171 -1.902
0.0152 0.01508 7.77815 6.3397603035 2.6193435192    6.339  3.575  4.2360  3.561    1  0.000  0.538     0.00     0.00     0.00     0.00     0.00 -1    -1e-30      0.00 7.092e-01 2.755e-01 2.710e-03 7.399e-04 6.720e-03 -1.000 1.527e-02 -4.168 -2.774 -2.871 -2.466 -2.157 -1.884
0.0152 0.01508 7.77815 6.3400249481 2.6193442345    6.339  3.580  4.2389  3.567    1  0.000  0.538     0.00     0.00     0.00     0.00     0.00 -1    -1e-30      0.00 7.092e-01 2.755e-01 2.710e-03 7.399e-04 6.720e-03 -1.000 1.527e-02 -4.181 -2.777 -2.868 -2.462 -2.152 -1.878
0.0152 0.01508 7.77815 6.3402457237 2.6193449497    6.339  3.563  4.2337  3.564    2  0.000  0.538     0.00     0.00     0.00     0.00     0.00 -1    -1e-30      0.00 7.092e-01 2.755e-01 2.710e-03 7.399e-04 6.720e-03 -1.000 1.527e-02 -4.138 -2.751 -2.854 -2.450 -2.142 -1.870
0.0152 0.01508 7.77815 6.3405332565 2.6193456650    6.339  3.539  4.2242  3.550    2  0.000  0.538     0.00     0.00     0.00     0.00     0.00 -1    -1e-30      0.00 7.092e-01 2.755e-01 2.710e-03 7.399e-04 6.720e-03 -1.000 1.527e-02 -4.078 -2.723 -2.847 -2.447 -2.142 -1.873
0.0152 0.01508 7.77815 6.3407769203 2.6193463802    6.340  3.525  4.2124  3.517    2  0.000  0.538     0.00     0.00     0.00     0.00     0.00 -1    -1e-30      0.00 7.092e-01 2.755e-01 2.710e-03 7.399e-04 6.720e-03 -1.000 1.527e-02 -4.042 -2.728 -2.878 -2.484 -2.182 -1.918
0.0152 0.01508 7.77815 6.3410048485 2.6193470955    6.340  3.523  4.2005  3.471    2  0.000  0.538     0.00     0.00     0.00     0.00     0.00 -1    -1e-30      0.00 7.092e-01 2.755e-01 2.710e-03 7.399e-04 6.720e-03 -1.000 1.527e-02 -4.038 -2.766 -2.940 -2.553 -2.254 -1.995
0.0152 0.01508 7.77815 6.3412384987 2.6193478107    6.340  3.531  4.1886  3.416    2  0.000  0.538     0.00     0.00     0.00     0.00     0.00 -1    -1e-30      0.00 7.092e-01 2.755e-01 2.710e-03 7.399e-04 6.720e-03 -1.000 1.527e-02 -4.058 -2.827 -3.027 -2.645 -2.350 -2.096
0.0152 0.01508 7.77815 6.3414793015 2.6193485260    6.340  3.542  4.1768  3.357    2  0.000  0.538     0.00     0.00     0.00     0.00     0.00 -1    -1e-30      0.00 7.092e-01 2.755e-01 2.710e-03 7.399e-04 6.720e-03 -1.000 1.527e-02 -4.086 -2.896 -3.121 -2.746 -2.454 -2.205
0.0152 0.01508 7.77815 6.3417258263 2.6193492413    6.341  3.553  4.1648  3.299    2  0.000  0.538     0.00     0.00     0.00     0.00     0.00 -1    -1e-30      0.00 7.092e-01 2.755e-01 2.710e-03 7.399e-04 6.720e-03 -1.000 1.527e-02 -4.112 -2.961 -3.213 -2.844 -2.556 -2.312
0.0152 0.01508 7.77815 6.3419742584 2.6193499565    6.341  3.561  4.1529  3.243    2  0.000  0.538     0.00     0.00     0.00     0.00     0.00 -1    -1e-30      0.00 7.092e-01 2.755e-01 2.710e-03 7.399e-04 6.720e-03 -1.000 1.527e-02 -4.132 -3.019 -3.299 -2.936 -2.651 -2.414
0.0152 0.01508 7.77815 6.3422226906 2.6193509102    6.341  3.567  4.1410  3.189    2  0.000  0.538     0.00     0.00     0.00     0.00     0.00 -1    -1e-30      0.00 7.092e-01 2.755e-01 2.710e-03 7.399e-04 6.720e-03 -1.000 1.527e-02 -4.147 -3.069 -3.379 -3.022 -2.741 -2.509
0.0152 0.01508 7.77815 6.3424682617 2.6193516254    6.341  3.571  4.1290  3.137    2  0.000  0.538     0.00     0.00     0.00     0.00     0.00 -1    -1e-30      0.00 7.092e-01 2.755e-01 2.710e-03 7.399e-04 6.720e-03 -1.000 1.527e-02 -4.157 -3.112 -3.454 -3.103 -2.825 -2.599
0.0152 0.01508 7.77815 6.3427090645 2.6193523407    6.342  3.574  4.1170  3.087    2  0.000  0.538     0.00     0.00     0.00     0.00     0.00 -1    -1e-30      0.00 7.092e-01 2.755e-01 2.710e-03 7.399e-04 6.720e-03 -1.000 1.527e-02 -4.164 -3.151 -3.525 -3.180 -2.906 -2.686
0.0152 0.01508 7.77815 6.3429450989 2.6193530560    6.342  3.575  4.1050  3.037    2  0.000  0.538     0.00     0.00     0.00     0.00     0.00 -1    -1e-30      0.00 7.092e-01 2.755e-01 2.710e-03 7.399e-04 6.720e-03 -1.000 1.527e-02 -4.168 -3.184 -3.592 -3.254 -2.983 -2.769
0.0152 0.01508 7.77815 6.3431739807 2.6193535328    6.342  3.576  4.0930  2.989    2  0.000  0.538     0.00     0.00     0.00     0.00     0.00 -1    -1e-30      0.00 7.092e-01 2.755e-01 2.710e-03 7.399e-04 6.720e-03 -1.000 1.527e-02 -4.169 -3.211 -3.656 -3.323 -3.056 -2.849
0.0152 0.01508 7.77815 6.3433957100 2.6193542480    6.342  3.575  4.0810  2.941    2  0.000  0.538     0.00     0.00     0.00     0.00     0.00 -1    -1e-30      0.00 7.092e-01 2.755e-01 2.710e-03 7.399e-04 6.720e-03 -1.000 1.527e-02 -4.168 -3.233 -3.715 -3.390 -3.126 -2.926
0.0152 0.01508 7.77815 6.3436083794 2.6193549633    6.343  3.574  4.0690  2.894    2  0.000  0.538     0.00     0.00     0.00     0.00     0.00 -1    -1e-30      0.00 7.092e-01 2.755e-01 2.710e-03 7.399e-04 6.720e-03 -1.000 1.527e-02 -4.166 -3.248 -3.772 -3.453 -3.193 -3.001
0.0152 0.01508 7.77815 6.3438129425 2.6193554401    6.343  3.573  4.0569  2.847    2  0.000  0.538     0.00     0.00     0.00     0.00     0.00 -1    -1e-30      0.00 7.092e-01 2.755e-01 2.710e-03 7.399e-04 6.720e-03 -1.000 1.527e-02 -4.162 -3.258 -3.826 -3.513 -3.256 -3.072
0.0152 0.01508 7.77815 6.3440089226 2.6193561554    6.343  3.571  4.0449  2.801    2  0.000  0.538     0.00     0.00     0.00     0.00     0.00 -1    -1e-30      0.00 7.092e-01 2.755e-01 2.710e-03 7.399e-04 6.720e-03 -1.000 1.527e-02 -4.156 -3.262 -3.877 -3.570 -3.317 -3.141
0.0152 0.01508 7.77815 6.3441958427 2.6193566322    6.343  3.568  4.0329  2.756    2  0.000  0.538     0.00     0.00     0.00     0.00     0.00 -1    -1e-30      0.00 7.092e-01 2.755e-01 2.710e-03 7.399e-04 6.720e-03 -1.000 1.527e-02 -4.149 -3.261 -3.925 -3.625 -3.375 -3.208
0.0152 0.01508 7.77815 6.3443732262 2.6193571091    6.343  3.564  4.0208  2.711    2  0.000  0.538     0.00     0.00     0.00     0.00     0.00 -1    -1e-30      0.00 7.092e-01 2.755e-01 2.710e-03 7.399e-04 6.720e-03 -1.000 1.527e-02 -4.141 -3.256 -3.970 -3.676 -3.431 -3.273
0.0152 0.01508 7.77815 6.3445425034 2.6193578243    6.343  3.561  4.0088  2.667    2  0.000  0.538     0.00     0.00     0.00     0.00     0.00 -1    -1e-30      0.00 7.092e-01 2.755e-01 2.710e-03 7.399e-04 6.720e-03 -1.000 1.527e-02 -4.132 -3.245 -4.013 -3.725 -3.484 -3.336
0.0152 0.01508 7.77815 6.3447031975 2.6193583012    6.344  3.557  3.9968  2.623    2  0.000  0.538     0.00     0.00     0.00     0.00     0.00 -1    -1e-30      0.00 7.092e-01 2.755e-01 2.710e-03 7.399e-04 6.720e-03 -1.000 1.527e-02 -4.121 -3.230 -4.053 -3.772 -3.535 -3.397
0.0152 0.01508 7.77815 6.3448562622 2.6193587780    6.344  3.552  3.9847  2.579    2  0.000  0.538     0.00     0.00     0.00     0.00     0.00 -1    -1e-30      0.00 7.092e-01 2.755e-01 2.710e-03 7.399e-04 6.720e-03 -1.000 1.527e-02 -4.110 -3.210 -4.090 -3.816 -3.583 -3.455
0.0152 0.01508 7.77815 6.3450016975 2.6193590164    6.344  3.547  3.9727  2.536    2  0.000  0.538     0.00     0.00     0.00     0.00     0.00 -1    -1e-30      0.00 7.092e-01 2.755e-01 2.710e-03 7.399e-04 6.720e-03 -1.000 1.527e-02 -4.098 -3.187 -4.124 -3.858 -3.630 -3.512
0.0152 0.01508 7.77815 6.3451399803 2.6193594933    6.344  3.542  3.9607  2.493    2  0.000  0.538     0.00     0.00     0.00     0.00     0.00 -1    -1e-30      0.00 7.092e-01 2.755e-01 2.710e-03 7.399e-04 6.720e-03 -1.000 1.527e-02 -4.085 -3.159 -4.153 -3.897 -3.676 -3.566
0.0152 0.01508 7.77815 6.3452720642 2.6193599701    6.344  3.537  3.9487  2.450    2  0.000  0.538     0.00     0.00     0.00     0.00     0.00 -1    -1e-30      0.00 7.092e-01 2.755e-01 2.710e-03 7.399e-04 6.720e-03 -1.000 1.527e-02 -4.072 -3.125 -4.176 -3.934 -3.720 -3.619
0.0152 0.01508 7.77815 6.3454275131 2.6193604469    6.344  3.530  3.9336  2.397    2  0.000  0.538     0.00     0.00     0.00     0.00     0.00 -1    -1e-30      0.00 7.092e-01 2.755e-01 2.710e-03 7.399e-04 6.720e-03 -1.000 1.527e-02 -4.054 -3.072 -4.196 -3.974 -3.772 -3.680
0.0152 0.01508 7.77815 6.3455452919 2.6193606853    6.344  3.524  3.9215  2.355    2  0.000  0.538     0.00     0.00     0.00     0.00     0.00 -1    -1e-30      0.00 7.092e-01 2.755e-01 2.710e-03 7.399e-04 6.720e-03 -1.000 1.527e-02 -4.040 -3.020 -4.201 -4.001 -3.810 -3.725
0.0152 0.01508 7.77815 6.3456568718 2.6193611622    6.345  3.518  3.9094  2.312    2  0.000  0.538     0.00     0.00     0.00     0.00     0.00 -1    -1e-30      0.00 7.092e-01 2.755e-01 2.710e-03 7.399e-04 6.720e-03 -1.000 1.527e-02 -4.025 -2.963 -4.196 -4.022 -3.845 -3.767
0.0152 0.01508 7.77815 6.3457627296 2.6193614006    6.345  3.512  3.8974  2.270    2  0.000  0.538     0.00     0.00     0.00     0.00     0.00 -1    -1e-30      0.00 7.092e-01 2.755e-01 2.710e-03 7.399e-04 6.720e-03 -1.000 1.527e-02 -4.009 -2.904 -4.181 -4.038 -3.877 -3.805
0.0152 0.01508 7.77815 6.3458623886 2.6193616390    6.345  3.505  3.8854  2.229    2  0.000  0.538     0.00     0.00     0.00     0.00     0.00 -1    -1e-30      0.00 7.092e-01 2.755e-01 2.710e-03 7.399e-04 6.720e-03 -1.000 1.527e-02 -3.993 -2.844 -4.156 -4.049 -3.906 -3.840
0.0152 0.01508 7.77815 6.3459577560 2.6193618774    6.345  3.499  3.8733  2.187    2  0.000  0.538     0.00     0.00     0.00     0.00     0.00 -1    -1e-30      0.00 7.092e-01 2.755e-01 2.710e-03 7.399e-04 6.720e-03 -1.000 1.527e-02 -3.977 -2.785 -4.121 -4.055 -3.933 -3.873
0.0152 0.01508 7.77815 6.3460478783 2.6193621159    6.345  3.492  3.8612  2.145    2  0.000  0.538     0.00     0.00     0.00     0.00     0.00 -1    -1e-30      0.00 7.092e-01 2.755e-01 2.710e-03 7.399e-04 6.720e-03 -1.000 1.527e-02 -3.960 -2.726 -4.079 -4.060 -3.959 -3.905
0.0152 0.01508 7.77815 6.3461337090 2.6193625927    6.345  3.485  3.8492  2.104    2  0.000  0.538     0.00     0.00     0.00     0.00     0.00 -1    -1e-30      0.00 7.092e-01 2.755e-01 2.710e-03 7.399e-04 6.720e-03 -1.000 1.527e-02 -3.943 -2.665 -4.027 -4.061 -3.983 -3.935
0.0152 0.01508 7.77815 6.3462147713 2.6193628311    6.345  3.479  3.8372  2.063    2  0.000  0.538     0.00     0.00     0.00     0.00     0.00 -1    -1e-30      0.00 7.092e-01 2.755e-01 2.710e-03 7.399e-04 6.720e-03 -1.000 1.527e-02 -3.926 -2.601 -3.970 -4.059 -4.005 -3.963
0.0152 0.01508 7.77815 6.3462920189 2.6193630695    6.345  3.472  3.8251  2.021    2  0.000  0.538     0.00     0.00     0.00     0.00     0.00 -1    -1e-30      0.00 7.092e-01 2.755e-01 2.710e-03 7.399e-04 6.720e-03 -1.000 1.527e-02 -3.909 -2.533 -3.909 -4.053 -4.023 -3.988
0.0152 0.01508 7.77815 6.3463649750 2.6193630695    6.345  3.465  3.8131  1.980    2  0.000  0.538     0.00     0.00     0.00     0.00     0.00 -1    -1e-30      0.00 7.092e-01 2.755e-01 2.710e-03 7.399e-04 6.720e-03 -1.000 1.527e-02 -3.891 -2.457 -3.845 -4.042 -4.037 -4.010
0.0152 0.01508 7.77815 6.3464345932 2.6193633080    6.345  3.457  3.8011  1.939    2  0.000  0.538     0.00     0.00     0.00     0.00     0.00 -1    -1e-30      0.00 7.092e-01 2.755e-01 2.710e-03 7.399e-04 6.720e-03 -1.000 1.527e-02 -3.873 -2.363 -3.774 -4.031 -4.050 -4.032
0.0152 0.01508 7.77815 6.3465008736 2.6193635464    6.345  3.450  3.7890  1.899    2  0.000  0.538     0.00     0.00     0.00     0.00     0.00 -1    -1e-30      0.00 7.092e-01 2.755e-01 2.710e-03 7.399e-04 6.720e-03 -1.000 1.527e-02 -3.855 -2.261 -3.699 -4.015 -4.059 -4.051
0.0152 0.01508 7.77815 6.3465638161 2.6193637848    6.345  3.443  3.7770  1.858    2  0.000  0.538     0.00     0.00     0.00     0.00     0.00 -1    -1e-30      0.00 7.092e-01 2.755e-01 2.710e-03 7.399e-04 6.720e-03 -1.000 1.527e-02 -3.836 -2.130 -3.616 -3.998 -4.067 -4.070
0.0152 0.01508 7.77815 6.3466234207 2.6193640232    6.346  3.435  3.7650  1.818    2  0.000  0.538     0.00     0.00     0.00     0.00     0.00 -1    -1e-30      0.00 7.092e-01 2.755e-01 2.710e-03 7.399e-04 6.720e-03 -1.000 1.527e-02 -3.817 -1.975 -3.525 -3.975 -4.070 -4.088
0.0152 0.01508 7.77815 6.3466801643 2.6193640232    6.346  3.427  3.7530  1.778    2  0.000  0.538     0.00     0.00     0.00     0.00     0.00 -1    -1e-30      0.00 7.092e-01 2.755e-01 2.710e-03 7.399e-04 6.720e-03 -1.000 1.527e-02 -3.798 -1.803 -3.434 -3.949 -4.067 -4.098
0.0152 0.01508 7.77815 6.3467350006 2.6193642616    6.346  3.419  3.7411  1.738    2  0.000  0.538     0.00     0.00     0.00     0.00     0.00 -1    -1e-30      0.00 7.092e-01 2.755e-01 2.710e-03 7.399e-04 6.720e-03 -1.000 1.527e-02 -3.777 -1.610 -3.339 -3.917 -4.058 -4.104
0.0152 0.01508 7.77815 6.3467879295 2.6193645000    6.346  3.410  3.7292  1.699    2  0.000  0.538     0.00     0.00     0.00     0.00     0.00 -1    -1e-30      0.00 7.092e-01 2.755e-01 2.710e-03 7.399e-04 6.720e-03 -1.000 1.527e-02 -3.756 -1.407 -3.237 -3.879 -4.043 -4.104
0.0152 0.01508 7.77815 6.3468422890 2.6193645000    6.346  3.401  3.7172  1.661    2  0.000  0.538     0.00     0.00     0.00     0.00     0.00 -1    -1e-30      0.00 7.092e-01 2.755e-01 2.710e-03 7.399e-04 6.720e-03 -1.000 1.527e-02 -3.732 -1.177 -3.128 -3.834 -4.019 -4.097
0.0152 0.01508 7.77815 6.3469018936 2.6193647385    6.346  3.389  3.7052  1.624    2  0.000  0.538     0.00     0.00     0.00     0.00     0.00 -1    -1e-30      0.00 7.092e-01 2.755e-01 2.710e-03 7.399e-04 6.720e-03 -1.000 1.527e-02 -3.703 -0.921 -3.008 -3.779 -3.986 -4.081
0.0152 0.01508 7.77815 6.3469705582 2.6193649769    6.346  3.374  3.6935  1.592    2  0.000  0.538     0.00     0.00     0.00     0.00     0.00 -1    -1e-30      0.00 7.092e-01 2.755e-01 2.710e-03 7.399e-04 6.720e-03 -1.000 1.527e-02 -3.666 -0.644 -2.879 -3.712 -3.939 -4.052
0.0152 0.01508 7.77815 6.3470792770 2.6193652153    6.346  3.350  3.6816  1.568    2  0.000  0.538     0.00     0.00     0.00     0.00     0.00 -1    -1e-30      0.00 7.092e-01 2.755e-01 2.710e-03 7.399e-04 6.720e-03 -1.000 1.527e-02 -3.606 -0.419 -2.728 -3.620 -3.863 -3.991
0.0152 0.01508 7.77815 6.3471918106 2.6193656921    6.346  3.324  3.6724  1.558    2  0.000  0.538     0.00     0.00     0.00     0.00     0.00 -1    -1e-30      0.00 7.092e-01 2.755e-01 2.710e-03 7.399e-04 6.720e-03 -1.000 1.527e-02 -3.541 -0.238 -2.591 -3.526 -3.782 -3.923
0.0152 0.01508 7.77815 6.3473181725 2.6193659306    6.346  3.299  3.6632  1.546    2  0.000  0.538     0.00     0.00     0.00     0.00     0.00 -1    -1e-30      0.00 7.092e-01 2.755e-01 2.710e-03 7.399e-04 6.720e-03 -1.000 1.527e-02 -3.478 -0.030 -2.448 -3.426 -3.698 -3.854
0.0152 0.01508 7.77815 6.3474073410 2.6193661690    6.346  3.290  3.6572  1.531    2  0.000  0.538     0.00     0.00     0.00     0.00     0.00 -1    -1e-30      0.00 7.092e-01 2.755e-01 2.710e-03 7.399e-04 6.720e-03 -1.000 1.527e-02 -3.455 0.111 -2.367 -3.375 -3.660 -3.827
0.0152 0.01508 7.77815 6.3474946022 2.6193666458    6.346  3.299  3.6510  1.498    3  0.000  0.538     0.00     0.00     0.00     0.00     0.00 -1    -1e-30      0.00 7.092e-01 2.755e-01 2.710e-03 7.399e-04 6.720e-03 -1.000 1.527e-02 -3.477 0.223 -2.327 -3.367 -3.666 -3.844
0.0152 0.01508 7.77815 6.3476057053 2.6193668842    6.346  3.332  3.6425  1.431    3  0.000  0.537     0.00     0.00     0.00     0.00     0.00 -1    -1e-30      0.00 7.092e-01 2.755e-01 2.709e-03 7.401e-04 6.720e-03 -1.000 1.527e-02 -3.560 0.379 -2.314 -3.404 -3.726 -3.922
0.0152 0.01508 7.77815 6.3476877213 2.6193671227    6.347  3.373  3.6360  1.364    3  0.000  0.535     0.00     0.00     0.00     0.00     0.00 -1    -1e-30      0.00 7.092e-01 2.755e-01 2.698e-03 7.430e-04 6.720e-03 -1.000 1.527e-02 -3.662 0.475 -2.336 -3.467 -3.809 -4.019
0.0152 0.01508 7.77815 6.3477525711 2.6193673611    6.347  3.412  3.6309  1.304    3  0.000  0.526     0.00     0.00     0.00     0.00     0.00 -1    -1e-30      0.00 7.092e-01 2.756e-01 2.650e-03 7.692e-04 6.720e-03 -1.000 1.528e-02 -3.761 0.539 -2.369 -3.533 -3.892 -4.112
0.0152 0.01508 7.77815 6.3478131294 2.6193675995    6.347  3.450  3.6264  1.248    3  0.000  0.505     0.00     0.00     0.00     0.00     0.00 -1    -1e-30      0.00 7.091e-01 2.756e-01 2.542e-03 8.661e-04 6.720e-03 -1.000 1.528e-02 -3.856 0.585 -2.405 -3.598 -3.972 -4.204
0.0152 0.01508 7.77815 6.3478584290 2.6193675995    6.347  3.478  3.6233  1.208    3  0.000  0.484     0.00     0.00     0.00     0.00     0.00 -1    -1e-30      0.00 7.091e-01 2.756e-01 2.440e-03 9.779e-04 6.720e-03 -1.000 1.527e-02 -3.925 0.616 -2.431 -3.645 -4.030 -4.269
0.0152 0.01508 7.77815 6.3478879929 2.6193675995    6.347  3.494  3.6216  1.185    3  0.000  0.472     0.00     0.00     0.00     0.00     0.00 -1    -1e-30      0.00 7.091e-01 2.756e-01 2.377e-03 1.055e-03 6.720e-03 -1.000 1.527e-02 -3.965 0.630 -2.449 -3.674 -4.065 -4.308
0.0152 0.01508 7.77815 6.3479585648 2.6193678379    6.347  3.526  3.6182  1.139    3  0.000  0.450     0.00     0.00     0.00     0.00     0.00 -1    -1e-30      0.00 7.090e-01 2.756e-01 2.269e-03 1.187e-03 6.720e-03 -1.000 1.537e-02 -4.046 0.661 -2.482 -3.729 -4.133 -4.385
0.0152 0.01508 7.77815 6.3479766846 2.6193680763    6.347  3.533  3.6176  1.130    3  0.000  0.446     0.00     0.00     0.00     0.00     0.00 -1    -1e-30      0.00 7.090e-01 2.756e-01 2.250e-03 1.211e-03 6.720e-03 -1.000 1.537e-02 -4.062 0.667 -2.489 -3.740 -4.147 -4.400
0.0152 0.01508 7.77815 6.3482027054 2.6193685532    6.347  3.577  3.6130  1.068    3  0.000  0.424     0.00     0.00     0.00     0.00     0.00 -1    -1e-30      0.00 7.090e-01 2.757e-01 2.137e-03 1.350e-03 6.720e-03 -1.000 1.537e-02 -4.172 0.709 -2.532 -3.814 -4.240 -4.505
0.0152 0.01508 7.77815 6.3486552238 2.6193699837    6.348  3.625  3.6081  1.000    3  0.000  0.403     0.00     0.00     0.00     0.00     0.00 -1    -1e-30      0.00 7.085e-01 2.761e-01 2.023e-03 1.516e-03 6.690e-03 -1.000 1.537e-02 -4.291 0.755 -2.576 -3.890 -4.338 -4.618
0.0152 0.01508 7.77815 6.3491539955 2.6193714142    6.348  3.663  3.6042  0.946    3  0.000  0.395     0.00     0.00     0.00     0.00     0.00 -1    -1e-30      0.00 7.066e-01 2.780e-01 1.946e-03 1.716e-03 6.570e-03 -1.000 1.538e-02 -4.389 0.793 -2.611 -3.950 -4.419 -4.710
0.0152 0.01508 7.77815 6.3497424126 2.6193733215    6.349  3.706  3.6002  0.888    3  0.000  0.392     0.00     0.00     0.00     0.00     0.00 -1    -1e-30      0.00 7.020e-01 2.826e-01 1.877e-03 1.966e-03 6.381e-03 -1.000 1.537e-02 -4.495 0.828 -2.651 -4.018 -4.507 -4.811
0.0152 0.01508 7.77815 6.3502855301 2.6193747520    6.349  3.744  3.5968  0.836    3  0.000  0.391     0.00     0.00     0.00     0.00     0.00 -1    -1e-30      0.00 6.965e-01 2.882e-01 1.827e-03 2.169e-03 6.221e-03 -1.000 1.537e-02 -4.590 0.850 -2.685 -4.073 -4.585 -4.902
0.0152 0.01508 7.77815 6.3509187698 2.6193766594    6.350  3.785  3.5932  0.781    3  0.000  0.391     0.00     0.00     0.00     0.00     0.00 -1    -1e-30      0.00 6.900e-01 2.946e-01 1.783e-03 2.349e-03 6.076e-03 -1.000 1.536e-02 -4.691 0.871 -2.723 -4.133 -4.668 -4.999
0.0152 0.01508 7.77815 6.3517994881 2.6193792820    6.351  3.817  3.5905  0.738    3  0.000  0.391     0.00     0.00     0.00     0.00     0.00 -1    -1e-30      0.00 6.853e-01 2.993e-01 1.756e-03 2.463e-03 5.986e-03 -1.000 1.536e-02 -4.771 0.888 -2.753 -4.180 -4.734 -5.076
0.0152 0.01508 7.77815 6.3534598351 2.6193842888    6.352  3.844  3.5881  0.701    3  0.000  0.391     0.00     0.00     0.00     0.00     0.00 -1    -1e-30      0.00 6.820e-01 3.026e-01 1.739e-03 2.534e-03 5.928e-03 -1.000 1.535e-02 -4.840 0.897 -2.775 -4.215 -4.789 -5.141
0.0152 0.01508 7.77815 6.3589782715 2.6194007397    6.358  3.829  3.5898  0.723    3  0.000  0.391     0.00     0.00     0.00     0.00     0.00 -1    -1e-30      0.00 6.820e-01 3.026e-01 1.739e-03 2.534e-03 5.928e-03 -1.000 1.535e-02 -4.802 0.883 -2.770 -4.203 -4.762 -5.106
0.0152 0.01508 7.77815 6.3690052032 2.6194305420    6.368  3.794  3.5934  0.773    4  0.000  0.391     0.00     0.00     0.00     0.00     0.00 -1    -1e-30      0.00 6.820e-01 3.026e-01 1.739e-03 2.534e-03 5.928e-03 -1.000 1.536e-02 -4.716 0.848 -2.749 -4.160 -4.694 -5.024
0.0152 0.01508 7.77815 6.3757529259 2.6194503307    6.375  3.762  3.5967  0.819    4  0.000  0.391     0.00     0.00     0.00     0.00     0.00 -1    -1e-30      0.00 6.820e-01 3.026e-01 1.739e-03 2.534e-03 5.928e-03 -1.000 1.536e-02 -4.636 0.820 -2.727 -4.117 -4.630 -4.948
0.0152 0.01508 7.77815 6.3818926811 2.6194684505    6.381  3.729  3.6000  0.866    4  0.000  0.391     0.00     0.00     0.00     0.00     0.00 -1    -1e-30      0.00 6.820e-01 3.026e-01 1.739e-03 2.534e-03 5.928e-03 -1.000 1.536e-02 -4.551 0.792 -2.702 -4.073 -4.563 -4.869
0.0152 0.01508 7.77815 6.3876700401 2.6194856167    6.386  3.695  3.6034  0.914    4  0.000  0.391     0.00     0.00     0.00     0.00     0.00 -1    -1e-30      0.00 6.820e-01 3.026e-01 1.739e-03 2.534e-03 5.928e-03 -1.000 1.536e-02 -4.468 0.758 -2.673 -4.021 -4.494 -4.789
0.0152 0.01508 7.77815 6.3935503960 2.6195027828    6.392  3.661  3.6069  0.962    4  0.000  0.391     0.00     0.00     0.00     0.00     0.00 -1    -1e-30      0.00 6.820e-01 3.026e-01 1.739e-03 2.534e-03 5.928e-03 -1.000 1.537e-02 -4.383 0.722 -2.646 -3.970 -4.425 -4.708
0.0152 0.01508 7.77815 6.4000000954 2.6195218563    6.399  3.627  3.6105  1.011    4  0.000  0.391     0.00     0.00     0.00     0.00     0.00 -1    -1e-30      0.00 6.820e-01 3.026e-01 1.739e-03 2.534e-03 5.928e-03 -1.000 1.537e-02 -4.297 0.682 -2.619 -3.919 -4.355 -4.627
0.0152 0.01508 7.77815 6.4057226181 2.6195385456    6.405  3.599  3.6136  1.052    4  0.000  0.391     0.00     0.00     0.00     0.00     0.00 -1    -1e-30      0.00 6.820e-01 3.026e-01 1.739e-03 2.534e-03 5.928e-03 -1.000 1.537e-02 -4.228 0.648 -2.594 -3.874 -4.298 -4.561
0.0152 0.01508 7.77815 6.4162473679 2.6195693016    6.415  3.560  3.6185  1.111    4  0.000  0.391     0.00     0.00     0.00     0.00     0.00 -1    -1e-30      0.00 6.820e-01 3.026e-01 1.739e-03 2.534e-03 5.928e-03 -1.000 1.537e-02 -4.130 0.586 -2.568 -3.816 -4.219 -4.470
0.0152 0.01508 7.77815 6.4350457191 2.6196236610    6.434  3.525  3.6257  1.176    4  0.000  0.391     0.00     0.00     0.00     0.00     0.00 -1    -1e-30      0.00 6.820e-01 3.026e-01 1.739e-03 2.534e-03 5.928e-03 -1.000 1.537e-02 -4.043 0.455 -2.577 -3.781 -4.157 -4.391
0.0152 0.01508 7.77815 6.4448189735 2.6196520329    6.443  3.515  3.6291  1.200    4  0.000  0.391     0.00     0.00     0.00     0.00     0.00 -1    -1e-30      0.00 6.820e-01 3.026e-01 1.739e-03 2.534e-03 5.927e-03 -1.000 1.537e-02 -4.018 0.381 -2.597 -3.780 -4.145 -4.370
0.0152 0.01508 7.77815 6.4593639374 2.6196937561    6.458  3.543  3.6376  1.207    5  0.000  0.391     0.00     0.00     0.00     0.00     0.00 -1    -1e-30      0.00 6.821e-01 3.026e-01 1.739e-03 2.534e-03 5.927e-03 -1.000 1.537e-02 -4.087 0.090 -2.768 -3.904 -4.242 -4.449
0.0152 0.01508 7.77815 6.4627151489 2.6197032928    6.461  3.562  3.6420  1.207    5  0.000  0.391     0.00     0.00     0.00     0.00     0.00 -1    -1e-30      0.00 6.821e-01 3.026e-01 1.739e-03 2.534e-03 5.927e-03 -1.000 1.537e-02 -4.134 -0.069 -2.865 -3.978 -4.303 -4.500
0.0152 0.01508 7.77815 6.4645376205 2.6197085381    6.463  3.577  3.6459  1.207    5  0.000  0.391     0.00     0.00     0.00     0.00     0.00 -1    -1e-30      0.00 6.821e-01 3.026e-01 1.739e-03 2.534e-03 5.927e-03 -1.000 1.537e-02 -4.173 -0.209 -2.948 -4.039 -4.353 -4.542
0.0152 0.01508 7.77815 6.4656381607 2.6197116375    6.464  3.590  3.6501  1.211    5  0.000  0.391     0.00     0.00     0.00     0.00     0.00 -1    -1e-30      0.00 6.821e-01 3.026e-01 1.739e-03 2.534e-03 5.927e-03 -1.000 1.537e-02 -4.205 -0.349 -3.026 -4.095 -4.398 -4.578
0.0152 0.01508 7.77815 6.4660258293 2.6197128296    6.465  3.595  3.6522  1.214    5  0.000  0.391     0.00     0.00     0.00     0.00     0.00 -1    -1e-30      0.00 6.821e-01 3.026e-01 1.739e-03 2.534e-03 5.927e-03 -1.000 1.537e-02 -4.217 -0.414 -3.060 -4.118 -4.416 -4.592
0.0152 0.01508 7.77815 6.4663772583 2.6197137833    6.465  3.600  3.6545  1.219    5  0.000  0.391     0.00     0.00     0.00     0.00     0.00 -1    -1e-30      0.00 6.821e-01 3.026e-01 1.739e-03 2.534e-03 5.927e-03 -1.000 1.537e-02 -4.229 -0.485 -3.096 -4.142 -4.434 -4.605
0.0152 0.01508 7.77815 6.4666752815 2.6197147369    6.465  3.603  3.6568  1.225    5  0.000  0.391     0.00     0.00     0.00     0.00     0.00 -1    -1e-30      0.00 6.821e-01 3.026e-01 1.739e-03 2.534e-03 5.927e-03 -1.000 1.537e-02 -4.238 -0.555 -3.130 -4.163 -4.449 -4.616
0.0152 0.01508 7.77815 6.4669485092 2.6197154522    6.465  3.607  3.6590  1.230    5  0.000  0.391     0.00     0.00     0.00     0.00     0.00 -1    -1e-30      0.00 6.821e-01 3.026e-01 1.739e-03 2.534e-03 5.927e-03 -1.000 1.537e-02 -4.247 -0.608 -3.160 -4.182 -4.464 -4.626
0.0152 0.01508 7.77815 6.4672393799 2.6197164059    6.466  3.610  3.6612  1.235    5  0.000  0.391     0.00     0.00     0.00     0.00     0.00 -1    -1e-30      0.00 6.821e-01 3.026e-01 1.739e-03 2.534e-03 5.927e-03 -1.000 1.537e-02 -4.256 -0.646 -3.189 -4.201 -4.479 -4.638
0.0152 0.01508 7.77815 6.4675588608 2.6197171211    6.466  3.614  3.6637  1.241    5  0.000  0.391     0.00     0.00     0.00     0.00     0.00 -1    -1e-30      0.00 6.821e-01 3.026e-01 1.739e-03 2.534e-03 5.927e-03 -1.000 1.537e-02 -4.266 -0.685 -3.219 -4.221 -4.495 -4.650
0.0152 0.01508 7.77815 6.4679198265 2.6197183132    6.466  3.619  3.6682  1.254    5  0.000  0.391     0.00     0.00     0.00     0.00     0.00 -1    -1e-30      0.00 6.821e-01 3.026e-01 1.739e-03 2.534e-03 5.927e-03 -1.000 1.537e-02 -4.278 -0.750 -3.268 -4.250 -4.517 -4.666
0.0152 0.01508 7.77815 6.4683384895 2.6197195053    6.467  3.624  3.6737  1.271    5  0.000  0.391     0.00     0.00     0.00     0.00     0.00 -1    -1e-30      0.00 6.821e-01 3.026e-01 1.739e-03 2.534e-03 5.927e-03 -1.000 1.537e-02 -4.291 -0.832 -3.325 -4.283 -4.541 -4.683
0.0152 0.01508 7.77815 6.4688348770 2.6197209358    6.467  3.630  3.6810  1.295    5  0.000  0.391     0.00     0.00     0.00     0.00     0.00 -1    -1e-30      0.00 6.821e-01 3.026e-01 1.739e-03 2.534e-03 5.927e-03 -1.000 1.537e-02 -4.305 -0.943 -3.396 -4.320 -4.569 -4.700
0.0152 0.01508 7.77815 6.4694314003 2.6197226048    6.468  3.636  3.6905  1.326    5  0.000  0.391     0.00     0.00     0.00     0.00     0.00 -1    -1e-30      0.00 6.821e-01 3.026e-01 1.739e-03 2.534e-03 5.927e-03 -1.000 1.537e-02 -4.321 -1.132 -3.489 -4.364 -4.598 -4.716
0.0152 0.01508 7.77815 6.4701495171 2.6197245121    6.469  3.644  3.7020  1.365    5  0.000  0.391     0.00     0.00     0.00     0.00     0.00 -1    -1e-30      0.00 6.821e-01 3.026e-01 1.739e-03 2.534e-03 5.927e-03 -1.000 1.537e-02 -4.339 -1.399 -3.602 -4.413 -4.628 -4.727
0.0152 0.01508 7.77815 6.4709978104 2.6197271347    6.469  3.652  3.7149  1.409    5  0.000  0.391     0.00     0.00     0.00     0.00     0.00 -1    -1e-30      0.00 6.821e-01 3.026e-01 1.739e-03 2.534e-03 5.927e-03 -1.000 1.537e-02 -4.359 -1.677 -3.724 -4.463 -4.654 -4.735
0.0152 0.01508 7.77815 6.4719734192 2.6197297573    6.470  3.660  3.7288  1.456    5  0.000  0.391     0.00     0.00     0.00     0.00     0.00 -1    -1e-30      0.00 6.821e-01 3.026e-01 1.739e-03 2.534e-03 5.927e-03 -1.000 1.537e-02 -4.380 -1.948 -3.849 -4.510 -4.675 -4.737
0.0152 0.01508 7.77815 6.4730615616 2.6197328568    6.471  3.668  3.7460  1.517    5  0.000  0.391     0.00     0.00     0.00     0.00     0.00 -1    -1e-30      0.00 6.821e-01 3.026e-01 1.739e-03 2.534e-03 5.927e-03 -1.000 1.537e-02 -4.400 -2.241 -3.989 -4.553 -4.685 -4.726
0.0152 0.01508 7.77815 6.4742493629 2.6197364330    6.473  3.676  3.7648  1.585    5  0.000  0.391     0.00     0.00     0.00     0.00     0.00 -1    -1e-30      0.00 6.821e-01 3.026e-01 1.739e-03 2.534e-03 5.927e-03 -1.000 1.537e-02 -4.419 -2.520 -4.125 -4.584 -4.679 -4.698
0.0152 0.01508 7.77815 6.4755320549 2.6197400093    6.474  3.682  3.7829  1.650    5  0.000  0.391     0.00     0.00     0.00     0.00     0.00 -1    -1e-30      0.00 6.821e-01 3.026e-01 1.739e-03 2.534e-03 5.927e-03 -1.000 1.537e-02 -4.436 -2.751 -4.254 -4.603 -4.657 -4.657
0.0152 0.01508 7.77815 6.4769153595 2.6197438240    6.475  3.689  3.7993  1.710    5  0.000  0.391     0.00     0.00     0.00     0.00     0.00 -1    -1e-30      0.00 6.821e-01 3.026e-01 1.739e-03 2.534e-03 5.927e-03 -1.000 1.537e-02 -4.452 -2.908 -4.355 -4.614 -4.633 -4.620
0.0152 0.01508 7.77815 6.4784159660 2.6197481155    6.477  3.695  3.8145  1.764    5  0.000  0.391     0.00     0.00     0.00     0.00     0.00 -1    -1e-30      0.00 6.821e-01 3.026e-01 1.740e-03 2.534e-03 5.927e-03 -1.000 1.537e-02 -4.468 -3.021 -4.438 -4.621 -4.608 -4.585
0.0152 0.01508 7.77815 6.4800662994 2.6197528839    6.478  3.701  3.8291  1.816    5  0.000  0.391     0.00     0.00     0.00     0.00     0.00 -1    -1e-30      0.00 6.821e-01 3.026e-01 1.740e-03 2.534e-03 5.927e-03 -1.000 1.537e-02 -4.483 -3.111 -4.511 -4.626 -4.583 -4.552
0.0152 0.01508 7.77815 6.4819288254 2.6197581291    6.480  3.707  3.8432  1.867    5  0.000  0.391     0.00     0.00     0.00     0.00     0.00 -1    -1e-30      0.00 6.821e-01 3.026e-01 1.740e-03 2.534e-03 5.927e-03 -1.000 1.537e-02 -4.499 -3.188 -4.576 -4.624 -4.554 -4.515
0.0152 0.01508 7.77815 6.4841070175 2.6197643280    6.482  3.713  3.8566  1.915    5  0.000  0.391     0.00     0.00     0.00     0.00     0.00 -1    -1e-30      0.00 6.821e-01 3.026e-01 1.740e-03 2.534e-03 5.927e-03 -1.000 1.537e-02 -4.514 -3.257 -4.633 -4.620 -4.523 -4.479
0.0152 0.01508 7.77815 6.4870080948 2.6197726727    6.485  3.720  3.8695  1.960    5  0.000  0.391     0.00     0.00     0.00     0.00     0.00 -1    -1e-30      0.00 6.821e-01 3.026e-01 1.740e-03 2.534e-03 5.927e-03 -1.000 1.537e-02 -4.529 -3.322 -4.679 -4.614 -4.494 -4.443
0.0152 0.01508 7.77815 6.4943146706 2.6197934151    6.493  3.728  3.8837  2.009    5  0.000  0.391     0.00     0.00     0.00     0.00     0.00 -1    -1e-30      0.00 6.821e-01 3.025e-01 1.740e-03 2.534e-03 5.927e-03 -1.000 1.537e-02 -4.551 -3.400 -4.722 -4.610 -4.465 -4.408
0.0152 0.01508 7.77815 6.4998459816 2.6198089123    6.498  3.731  3.8799  1.992    5  0.000  0.391     0.00     0.00     0.00     0.00     0.00 -1    -1e-30      0.00 6.821e-01 3.025e-01 1.740e-03 2.534e-03 5.927e-03 -1.000 1.537e-02 -4.556 -3.390 -4.723 -4.623 -4.484 -4.429
0.0152 0.01508 7.77815 6.5079607964 2.6198318005    6.506  3.733  3.8718  1.957    6  0.000  0.391     0.00     0.00     0.00     0.00     0.00 -1    -1e-30      0.00 6.821e-01 3.025e-01 1.740e-03 2.534e-03 5.927e-03 -1.000 1.537e-02 -4.563 -3.366 -4.717 -4.644 -4.519 -4.468
0.0152 0.01508 7.77815 6.5293273926 2.6198918819    6.527  3.744  3.8577  1.892    6  0.000  0.391     0.00     0.00     0.00     0.00     0.00 -1    -1e-30      0.00 6.821e-01 3.025e-01 1.740e-03 2.534e-03 5.927e-03 -1.000 1.537e-02 -4.590 -3.337 -4.714 -4.694 -4.595 -4.551
0.0152 0.01508 7.77815 6.5414695740 2.6199257374    6.540  3.749  3.8475  1.847    6  0.000  0.391     0.00     0.00     0.00     0.00     0.00 -1    -1e-30      0.00 6.821e-01 3.025e-01 1.740e-03 2.535e-03 5.927e-03 -1.000 1.537e-02 -4.603 -3.309 -4.696 -4.722 -4.642 -4.603
0.0152 0.01508 7.77815 6.5484604836 2.6199452877    6.546  3.751  3.8377  1.806    6  0.000  0.391     0.00     0.00     0.00     0.00     0.00 -1    -1e-30      0.00 6.821e-01 3.025e-01 1.740e-03 2.535e-03 5.927e-03 -1.000 1.537e-02 -4.607 -3.271 -4.668 -4.739 -4.679 -4.644
0.0152 0.01508 7.77815 6.5531630516 2.6199581623    6.551  3.751  3.8289  1.771    6  0.000  0.391     0.00     0.00     0.00     0.00     0.00 -1    -1e-30      0.00 6.821e-01 3.025e-01 1.740e-03 2.535e-03 5.927e-03 -1.000 1.537e-02 -4.607 -3.231 -4.638 -4.750 -4.707 -4.677
0.0152 0.01508 7.77815 6.5548577309 2.6199629307    6.553  3.755  3.8286  1.766    6  0.000  0.391     0.00     0.00     0.00     0.00     0.00 -1    -1e-30      0.00 6.821e-01 3.025e-01 1.740e-03 2.535e-03 5.926e-03 -1.000 1.537e-02 -4.617 -3.240 -4.647 -4.760 -4.718 -4.688
0.0152 0.01508 7.77815 6.5575165749 2.6199703217    6.555  3.753  3.8250  1.754    6  0.000  0.391     0.00     0.00     0.00     0.00     0.00 -1    -1e-30      0.00 6.821e-01 3.025e-01 1.740e-03 2.535e-03 5.926e-03 -1.000 1.537e-02 -4.612 -3.216 -4.627 -4.758 -4.723 -4.695
0.0152 0.01508 7.77815 6.5615534782 2.6199815273    6.559  3.754  3.8156  1.715    6  0.000  0.391     0.00     0.00     0.00     0.00     0.00 -1    -1e-30      0.00 6.822e-01 3.025e-01 1.740e-03 2.535e-03 5.926e-03 -1.000 1.537e-02 -4.616 -3.171 -4.594 -4.769 -4.753 -4.730
0.0152 0.01508 7.77815 6.5650625229 2.6199910641    6.563  3.759  3.8220  1.736    6  0.000  0.391     0.00     0.00     0.00     0.00     0.00 -1    -1e-30      0.00 6.822e-01 3.025e-01 1.740e-03 2.535e-03 5.926e-03 -1.000 1.537e-02 -4.628 -3.217 -4.632 -4.777 -4.748 -4.721
0.0152 0.01508 7.77815 6.5681276321 2.6199996471    6.566  3.755  3.8128  1.703    6  0.000  0.391     0.00     0.00     0.00     0.00     0.00 -1    -1e-30      0.00 6.822e-01 3.025e-01 1.740e-03 2.535e-03 5.926e-03 -1.000 1.537e-02 -4.618 -3.157 -4.585 -4.773 -4.763 -4.742
0.0152 0.01508 7.77815 6.5704159737 2.6200058460    6.568  3.755  3.8050  1.673    6  0.000  0.391     0.00     0.00     0.00     0.00     0.00 -1    -1e-30      0.00 6.822e-01 3.025e-01 1.740e-03 2.535e-03 5.926e-03 -1.000 1.537e-02 -4.616 -3.100 -4.548 -4.778 -4.784 -4.767
0.0152 0.01508 7.77815 6.5723958015 2.6200113297    6.570  3.754  3.7976  1.645    6  0.000  0.391     0.00     0.00     0.00     0.00     0.00 -1    -1e-30      0.00 6.822e-01 3.025e-01 1.740e-03 2.535e-03 5.926e-03 -1.000 1.537e-02 -4.614 -3.051 -4.511 -4.777 -4.799 -4.788
0.0152 0.01508 7.77815 6.5739798546 2.6200158596    6.572  3.752  3.7908  1.619    6  0.000  0.391     0.00     0.00     0.00     0.00     0.00 -1    -1e-30      0.00 6.822e-01 3.025e-01 1.740e-03 2.535e-03 5.926e-03 -1.000 1.537e-02 -4.611 -2.995 -4.474 -4.777 -4.813 -4.807
0.0152 0.01508 7.77815 6.5755791664 2.6200201511    6.573  3.751  3.7832  1.590    6  0.000  0.391     0.00     0.00     0.00     0.00     0.00 -1    -1e-30      0.00 6.822e-01 3.025e-01 1.740e-03 2.535e-03 5.926e-03 -1.000 1.537e-02 -4.607 -2.916 -4.429 -4.776 -4.828 -4.828
0.0152 0.01508 7.77815 6.5768127441 2.6200234890    6.575  3.749  3.7767  1.565    6  0.000  0.391     0.00     0.00     0.00     0.00     0.00 -1    -1e-30      0.00 6.822e-01 3.025e-01 1.740e-03 2.535e-03 5.926e-03 -1.000 1.537e-02 -4.603 -2.837 -4.385 -4.773 -4.840 -4.847
0.0152 0.01508 7.77815 6.5781388283 2.6200273037    6.576  3.747  3.7694  1.538    6  0.000  0.391     0.00     0.00     0.00     0.00     0.00 -1    -1e-30      0.00 6.822e-01 3.025e-01 1.740e-03 2.535e-03 5.926e-03 -1.000 1.537e-02 -4.598 -2.742 -4.332 -4.766 -4.852 -4.866
0.0152 0.01508 7.77815 6.5793766975 2.6200306416    6.577  3.745  3.7623  1.512    6  0.000  0.391     0.00     0.00     0.00     0.00     0.00 -1    -1e-30      0.00 6.822e-01 3.025e-01 1.740e-03 2.535e-03 5.926e-03 -1.000 1.537e-02 -4.592 -2.647 -4.282 -4.758 -4.858 -4.880
0.0152 0.01508 7.77815 6.5807857513 2.6200344563    6.579  3.741  3.7547  1.486    6  0.000  0.391     0.00     0.00     0.00     0.00     0.00 -1    -1e-30      0.00 6.822e-01 3.025e-01 1.740e-03 2.535e-03 5.926e-03 -1.000 1.537e-02 -4.584 -2.538 -4.227 -4.745 -4.860 -4.891
0.0152 0.01508 7.77815 6.5829782486 2.6200404167    6.581  3.734  3.7440  1.450    6  0.000  0.391     0.00     0.00     0.00     0.00     0.00 -1    -1e-30      0.00 6.822e-01 3.025e-01 1.740e-03 2.535e-03 5.926e-03 -1.000 1.537e-02 -4.566 -2.358 -4.139 -4.718 -4.854 -4.898
0.0152 0.01508 7.77815 6.5847892761 2.6200454235    6.583  3.726  3.7339  1.418    6  0.000  0.391     0.00     0.00     0.00     0.00     0.00 -1    -1e-30      0.00 6.822e-01 3.025e-01 1.740e-03 2.535e-03 5.926e-03 -1.000 1.537e-02 -4.545 -2.177 -4.048 -4.684 -4.840 -4.896
0.0152 0.01508 7.77815 6.5854530334 2.6200473309    6.583  3.740  3.7318  1.396    6  0.000  0.391     0.00     0.00     0.00     0.00     0.00 -1    -1e-30      0.00 6.822e-01 3.025e-01 1.740e-03 2.535e-03 5.926e-03 -1.000 1.537e-02 -4.580 -2.174 -4.068 -4.717 -4.877 -4.936
0.0152 0.01508 7.77815 6.5859231949 2.6200485229    6.584  3.749  3.7321  1.388    6  0.000  0.391     0.00     0.00     0.00     0.00     0.00 -1    -1e-30      0.00 6.822e-01 3.025e-01 1.740e-03 2.535e-03 5.926e-03 -1.000 1.537e-02 -4.604 -2.199 -4.093 -4.741 -4.900 -4.959
0.0152 0.01508 7.77815 6.5861830711 2.6200492382    6.584  3.749  3.7341  1.396    6  0.000  0.391     0.00     0.00     0.00     0.00     0.00 -1    -1e-30      0.00 6.822e-01 3.025e-01 1.740e-03 2.535e-03 5.926e-03 -1.000 1.537e-02 -4.602 -2.229 -4.105 -4.742 -4.898 -4.954
0.0152 0.01508 7.77815 6.5864129066 2.6200499535    6.584  3.747  3.7362  1.406    6  0.000  0.391     0.00     0.00     0.00     0.00     0.00 -1    -1e-30      0.00 6.822e-01 3.025e-01 1.740e-03 2.535e-03 5.926e-03 -1.000 1.537e-02 -4.599 -2.259 -4.117 -4.742 -4.893 -4.947
0.0152 0.01508 7.77815 6.5867567062 2.6200509071    6.585  3.746  3.7374  1.412    6  0.000  0.391     0.00     0.00     0.00     0.00     0.00 -1    -1e-30      0.00 6.822e-01 3.025e-01 1.740e-03 2.535e-03 5.926e-03 -1.000 1.537e-02 -4.596 -2.275 -4.122 -4.740 -4.890 -4.942
0.0152 0.01508 7.77815 6.5885553360 2.6200556755    6.586  3.743  3.7313  1.391    6  0.000  0.391     0.00     0.00     0.00     0.00     0.00 -1    -1e-30      0.00 6.822e-01 3.025e-01 1.740e-03 2.535e-03 5.926e-03 -1.000 1.537e-02 -4.588 -2.172 -4.072 -4.724 -4.885 -4.944
0.0152 0.01508 7.77815 6.5903315544 2.6200606823    6.588  3.738  3.7162  1.335    6  0.000  0.391     0.00     0.00     0.00     0.00     0.00 -1    -1e-30      0.00 6.822e-01 3.025e-01 1.740e-03 2.535e-03 5.926e-03 -1.000 1.537e-02 -4.575 -1.888 -3.945 -4.684 -4.873 -4.953
0.0152 0.01508 7.77815 6.5916066170 2.6200640202    6.589  3.733  3.7028  1.287    6  0.000  0.391     0.00     0.00     0.00     0.00     0.00 -1    -1e-30      0.00 6.822e-01 3.025e-01 1.740e-03 2.535e-03 5.926e-03 -1.000 1.537e-02 -4.563 -1.609 -3.827 -4.640 -4.854 -4.953
0.0152 0.01508 7.77815 6.5927147865 2.6200671196    6.590  3.727  3.6904  1.243    6  0.000  0.391     0.00     0.00     0.00     0.00     0.00 -1    -1e-30      0.00 6.822e-01 3.024e-01 1.740e-03 2.535e-03 5.926e-03 -1.000 1.537e-02 -4.547 -1.323 -3.708 -4.592 -4.827 -4.945
0.0152 0.01508 7.77815 6.5942134857 2.6200711727    6.592  3.716  3.6755  1.194    6  0.000  0.391     0.00     0.00     0.00     0.00     0.00 -1    -1e-30      0.00 6.822e-01 3.024e-01 1.740e-03 2.535e-03 5.926e-03 -1.000 1.537e-02 -4.521 -1.051 -3.563 -4.520 -4.777 -4.916
0.0152 0.01508 7.77815 6.5958261490 2.6200757027    6.594  3.700  3.6596  1.147    6  0.000  0.391     0.00     0.00     0.00     0.00     0.00 -1    -1e-30      0.00 6.822e-01 3.024e-01 1.740e-03 2.535e-03 5.926e-03 -1.000 1.537e-02 -4.481 -0.815 -3.394 -4.421 -4.702 -4.863
0.0152 0.01508 7.77815 6.5973548889 2.6200797558    6.595  3.682  3.6477  1.118    6  0.000  0.391     0.00     0.00     0.00     0.00     0.00 -1    -1e-30      0.00 6.822e-01 3.024e-01 1.740e-03 2.535e-03 5.926e-03 -1.000 1.537e-02 -4.435 -0.475 -3.224 -4.314 -4.623 -4.808
0.0152 0.01508 7.77815 6.6001458168 2.6200873852    6.598  3.657  3.6348  1.091    6  0.000  0.391     0.00     0.00     0.00     0.00     0.00 -1    -1e-30      0.00 6.822e-01 3.024e-01 1.740e-03 2.535e-03 5.926e-03 -1.000 1.537e-02 -4.374 -0.067 -3.013 -4.175 -4.521 -4.734
0.0152 0.01508 7.77815 6.6101026535 2.6201145649    6.608  3.660  3.6168  1.018    6  0.000  0.391     0.00     0.00     0.00     0.00     0.00 -1    -1e-30      0.00 6.822e-01 3.024e-01 1.740e-03 2.535e-03 5.926e-03 -1.000 1.537e-02 -4.379 0.436 -2.787 -4.053 -4.463 -4.718
0.0152 0.01508 7.77815 6.6130375862 2.6201226711    6.611  3.692  3.6106  0.960    6  0.000  0.391     0.00     0.00     0.00     0.00     0.00 -1    -1e-30      0.00 6.822e-01 3.024e-01 1.740e-03 2.535e-03 5.926e-03 -1.000 1.537e-02 -4.461 0.555 -2.777 -4.084 -4.520 -4.792
0.0152 0.01508 7.77815 6.6136903763 2.6201243401    6.611  3.718  3.6071  0.921    6  0.000  0.391     0.00     0.00     0.00     0.00     0.00 -1    -1e-30      0.00 6.822e-01 3.024e-01 1.740e-03 2.535e-03 5.926e-03 -1.000 1.537e-02 -4.524 0.607 -2.785 -4.114 -4.568 -4.851
0.0152 0.01508 7.77815 6.6137137413 2.6201243401    6.611  3.719  3.6069  0.919    6  0.000  0.391     0.00     0.00     0.00     0.00     0.00 -1    -1e-30      0.00 6.822e-01 3.024e-01 1.740e-03 2.535e-03 5.926e-03 -1.000 1.537e-02 -4.528 0.609 -2.786 -4.116 -4.571 -4.854
0.0152 0.01508 7.77815 6.6138072014 2.6201245785    6.611  3.728  3.6059  0.906    7  0.000  0.391     0.00     0.00     0.00     0.00     0.00 -1    -1e-30      0.00 6.822e-01 3.024e-01 1.740e-03 2.535e-03 5.926e-03 -1.000 1.537e-02 -4.551 0.622 -2.792 -4.129 -4.589 -4.876
0.0152 0.01508 7.77815 6.6142916679 2.6201260090    6.612  3.755  3.6032  0.868    7  0.000  0.391     0.00     0.00     0.00     0.00     0.00 -1    -1e-30      0.00 6.822e-01 3.024e-01 1.740e-03 2.535e-03 5.926e-03 -1.000 1.537e-02 -4.618 0.648 -2.815 -4.170 -4.645 -4.940
0.0152 0.01508 7.77815 6.6153488159 2.6201288700    6.613  3.755  3.6028  0.866    7  0.000  0.391     0.00     0.00     0.00     0.00     0.00 -1    -1e-30      0.00 6.822e-01 3.024e-01 1.740e-03 2.535e-03 5.926e-03 -1.000 1.537e-02 -4.618 0.660 -2.809 -4.166 -4.643 -4.940
0.0152 0.01508 7.77815 6.6158428192 2.6201300621    6.613  3.787  3.5993  0.820    7  0.000  0.391     0.00     0.00     0.00     0.00     0.00 -1    -1e-30      0.00 6.822e-01 3.024e-01 1.740e-03 2.535e-03 5.926e-03 -1.000 1.537e-02 -4.698 0.699 -2.830 -4.210 -4.706 -5.015
0.0152 0.01508 7.77815 6.6162610054 2.6201312542    6.614  3.823  3.5955  0.769    7  0.000  0.391     0.00     0.00     0.00     0.00     0.00 -1    -1e-30      0.00 6.822e-01 3.024e-01 1.740e-03 2.535e-03 5.926e-03 -1.000 1.537e-02 -4.788 0.733 -2.854 -4.256 -4.777 -5.100
0.0152 0.01508 7.77815 6.6167821884 2.6201326847    6.614  3.860  3.5917  0.717    7  0.000  0.391     0.00     0.00     0.00     0.00     0.00 -1    -1e-30      0.00 6.822e-01 3.024e-01 1.739e-03 2.535e-03 5.926e-03 -1.000 1.537e-02 -4.881 0.766 -2.880 -4.305 -4.851 -5.187
0.0152 0.01508 7.77815 6.6174235344 2.6201343536    6.615  3.898  3.5880  0.665    7  0.000  0.391     0.00     0.00     0.00     0.00     0.00 -1    -1e-30      0.00 6.822e-01 3.024e-01 1.739e-03 2.536e-03 5.926e-03 -1.000 1.537e-02 -4.975 0.794 -2.903 -4.349 -4.924 -5.276
0.0152 0.01508 7.77815 6.6182022095 2.6201364994    6.616  3.936  3.5842  0.611    7  0.000  0.390     0.00     0.00     0.00     0.00     0.00 -1    -1e-30      0.00 6.822e-01 3.024e-01 1.735e-03 2.539e-03 5.926e-03 -1.000 1.537e-02 -5.070 0.816 -2.924 -4.388 -4.996 -5.366
0.0152 0.01508 7.77815 6.6191201210 2.6201391220    6.617  3.973  3.5804  0.559    7  0.000  0.388     0.00     0.00     0.00     0.00     0.00 -1    -1e-30      0.00 6.822e-01 3.024e-01 1.725e-03 2.549e-03 5.926e-03 -1.000 1.537e-02 -5.163 0.839 -2.943 -4.426 -5.066 -5.453
0.0152 0.01508 7.77815 6.6201643944 2.6201419830    6.618  4.012  3.5765  0.505    7  0.000  0.386     0.00     0.00     0.00     0.00     0.00 -1    -1e-30      0.00 6.822e-01 3.024e-01 1.714e-03 2.562e-03 5.926e-03 -1.000 1.537e-02 -5.259 0.854 -2.953 -4.447 -5.135 -5.544
0.0152 0.01508 7.77815 6.6212282181 2.6201448441    6.619  4.050  3.5726  0.451    7  0.000  0.383     0.00     0.00     0.00     0.00     0.00 -1    -1e-30      0.00 6.822e-01 3.024e-01 1.705e-03 2.574e-03 5.926e-03 -1.000 1.537e-02 -5.355 0.872 -2.958 -4.464 -5.202 -5.634
0.0152 0.01508 7.77815 6.6222248077 2.6201474667    6.620  4.088  3.5687  0.398    7  0.000  0.382     0.00     0.00     0.00     0.00     0.00 -1    -1e-30      0.00 6.822e-01 3.024e-01 1.697e-03 2.584e-03 5.925e-03 -1.000 1.537e-02 -5.449 0.887 -2.956 -4.471 -5.265 -5.722
0.0152 0.01508 7.77815 6.6230993271 2.6201498508    6.621  4.122  3.5653  0.350    7  0.000  0.381     0.00     0.00     0.00     0.00     0.00 -1    -1e-30      0.00 6.791e-01 3.056e-01 1.684e-03 2.625e-03 5.897e-03 -1.000 1.533e-02 -5.536 0.892 -2.948 -4.465 -5.320 -5.802
0.0152 0.01508 7.77815 6.6239895821 2.6201522350    6.622  4.159  3.5617  0.298    7  0.000  0.380     0.00     0.00     0.00     0.00     0.00 -1    -1e-30      0.00 6.737e-01 3.109e-01 1.667e-03 2.690e-03 5.847e-03 -1.000 1.535e-02 -5.628 0.896 -2.941 -4.462 -5.380 -5.887
0.0152 0.01508 7.77815 6.6248040199 2.6201543808    6.622  4.195  3.5581  0.248    7  0.000  0.379     0.00     0.00     0.00     0.00     0.00 -1    -1e-30      0.00 6.687e-01 3.159e-01 1.651e-03 2.754e-03 5.797e-03 -1.000 1.535e-02 -5.717 0.899 -2.922 -4.441 -5.432 -5.968
0.0152 0.01508 7.77815 6.6255087852 2.6201562881    6.623  4.225  3.5551  0.207    7  0.000  0.379     0.00     0.00     0.00     0.00     0.00 -1    -1e-30      0.00 6.622e-01 3.225e-01 1.631e-03 2.837e-03 5.730e-03 -1.000 1.534e-02 -5.792 0.899 -2.900 -4.415 -5.472 -6.034
0.0152 0.01508 7.77815 6.6263542175 2.6201586723    6.624  4.263  3.5527  0.159    7  0.000  0.380     0.00     0.00     0.00     0.00     0.00 -1    -1e-30      0.00 6.304e-01 3.542e-01 1.556e-03 3.165e-03 5.463e-03 -1.000 1.534e-02 -5.888 0.876 -2.915 -4.428 -5.541 -6.123
0.0152 0.01508 7.77815 6.6265292168 2.6201591492    6.624  4.289  3.5504  0.124    7  0.000  0.380     0.00     0.00     0.00     0.00     0.00 -1    -1e-30      0.00 6.183e-01 3.664e-01 1.528e-03 3.291e-03 5.360e-03 -1.000 1.533e-02 -5.952 0.872 -2.904 -4.414 -5.579 -6.181
0.0152 0.01508 7.77815 6.6266942024 2.6201596260    6.624  4.314  3.5479  0.089    7  0.000  0.380     0.00     0.00     0.00     0.00     0.00 -1    -1e-30      0.00 6.127e-01 3.720e-01 1.514e-03 3.350e-03 5.313e-03 -1.000 1.531e-02 -6.014 0.871 -2.869 -4.371 -5.604 -6.232
0.0152 0.01508 7.77815 6.6267466545 2.6201596260    6.625  4.319  3.5474  0.082    7  0.000  0.380     0.00     0.00     0.00     0.00     0.00 -1    -1e-30      0.00 6.104e-01 3.742e-01 1.509e-03 3.373e-03 5.294e-03 -1.000 1.535e-02 -6.026 0.870 -2.864 -4.364 -5.610 -6.242