# Zini     MH   logAge Mini        int_IMF         Mass   logL    logTe  logg  label   McoreTP C_O  period0  period1  period2  period3  period4  pmode  Mloss  tau1m   X   Y   Xc  Xn  Xo  Cexcess  Z 	 mbolmag  umag    gmag    rmag    imag    zmag
0.0152 0.01508 7.60206 0.0900000036 1.0816895962    0.090 -2.472  3.4039  4.432    0  0.000  0.545     0.00     0.00     0.00     0.00     0.00 -1  -8.7e-16      0.00 7.092e-01 2.755e-01 2.746e-03 7.408e-04 6.719e-03 -1.000 1.527e-02 10.950 19.872 16.296 14.837 12.459 11.003
0.0152 0.01508 7.60206 0.0934586823 1.1140182018    0.093 -2.447  3.4068  4.435    0  0.000  0.545     0.00     0.00     0.00     0.00     0.00 -1 -9.01e-16      0.00 7.092e-01 2.755e-01 2.746e-03 7.408e-04 6.719e-03 -1.000 1.527e-02 10.887 19.814 16.234 14.775 12.396 10.940
0.0152 0.01508 7.60206 0.1000000015 1.1711064577    0.100 -2.399  3.4124  4.439    0  0.000  0.545     0.00     0.00     0.00     0.00     0.00 -1 -9.69e-16      0.00 7.092e-01 2.755e-01 2.746e-03 7.408e-04 6.719e-03 -1.000 1.527e-02 10.768 19.700 16.116 14.656 12.276 10.820
0.0152 0.01508 7.60206 0.1073536128 1.2297534943    0.107 -2.351  3.4179  4.443    0  0.000  0.545     0.00     0.00     0.00     0.00     0.00 -1 -1.04e-15      0.00 7.092e-01 2.755e-01 2.746e-03 7.408e-04 6.719e-03 -1.000 1.527e-02 10.648 19.519 15.951 14.492 12.130 10.690
0.0152 0.01508 7.60206 0.1200000122 1.3193155527    0.120 -2.273  3.4269  4.450    0  0.000  0.545     0.00     0.00     0.00     0.00     0.00 -1 -1.17e-15      0.00 7.092e-01 2.755e-01 2.746e-03 7.408e-04 6.719e-03 -1.000 1.527e-02 10.453 18.952 15.497 14.045 11.784 10.438
0.0152 0.01508 7.60206 0.1400000006 1.4384527206    0.140 -2.167  3.4390  4.459    0  0.000  0.545     0.00     0.00     0.00     0.00     0.00 -1 -1.36e-15      0.00 7.092e-01 2.755e-01 2.746e-03 7.408e-04 6.719e-03 -1.000 1.527e-02 10.189 18.181 14.873 13.445 11.322 10.096
0.0152 0.01508 7.60206 0.1599999964 1.5372931957    0.160 -2.079  3.4489  4.468    0  0.000  0.545     0.00     0.00     0.00     0.00     0.00 -1 -1.55e-15      0.00 7.092e-01 2.755e-01 2.746e-03 7.408e-04 6.719e-03 -1.000 1.527e-02 9.966 17.574 14.373 12.963 10.952 9.815
0.0152 0.01508 7.60206 0.2175460905 1.7502229214    0.218 -1.877  3.4705  4.487    0  0.000  0.545     0.00     0.00     0.00     0.00     0.00 -1 -2.07e-15      0.00 7.092e-01 2.755e-01 2.746e-03 7.408e-04 6.719e-03 -1.000 1.527e-02 9.463 16.331 13.314 11.917 10.172 9.206
0.0152 0.01508 7.60206 0.2457301319 1.8293658495    0.246 -1.798  3.4786  4.493    0  0.000  0.545     0.00     0.00     0.00     0.00     0.00 -1 -2.31e-15      0.00 7.092e-01 2.755e-01 2.746e-03 7.408e-04 6.719e-03 -1.000 1.527e-02 9.266 15.888 12.925 11.534 9.885 8.975
0.0152 0.01508 7.60206 0.2696372569 1.8877695799    0.270 -1.740  3.4846  4.499    0  0.000  0.545     0.00     0.00     0.00     0.00     0.00 -1  -2.5e-15      0.00 7.092e-01 2.755e-01 2.746e-03 7.408e-04 6.719e-03 -1.000 1.527e-02 9.119 15.572 12.640 11.244 9.674 8.807
0.0152 0.01508 7.60206 0.2792747319 1.9094403982    0.279 -1.718  3.4869  4.501    0  0.000  0.545     0.00     0.00     0.00     0.00     0.00 -1 -2.58e-15      0.00 7.092e-01 2.755e-01 2.746e-03 7.408e-04 6.719e-03 -1.000 1.527e-02 9.065 15.454 12.533 11.134 9.595 8.745
0.0152 0.01508 7.60206 0.2907268703 1.9339611530    0.291 -1.691  3.4895  4.502    0  0.000  0.545     0.00     0.00     0.00     0.00     0.00 -1 -2.69e-15      0.00 7.092e-01 2.755e-01 2.746e-03 7.408e-04 6.719e-03 -1.000 1.527e-02 8.997 15.313 12.405 11.002 9.499 8.668
0.0152 0.01508 7.60206 0.3000000119 1.9529139996    0.300 -1.670  3.4916  4.504    0  0.000  0.545     0.00     0.00     0.00     0.00     0.00 -1 -2.78e-15      0.00 7.092e-01 2.755e-01 2.746e-03 7.408e-04 6.719e-03 -1.000 1.527e-02 8.946 15.211 12.311 10.912 9.430 8.611
0.0152 0.01508 7.60206 0.3125457168 1.9773768187    0.312 -1.644  3.4941  4.506    0  0.000  0.545     0.00     0.00     0.00     0.00     0.00 -1 -2.88e-15      0.00 7.092e-01 2.755e-01 2.746e-03 7.408e-04 6.719e-03 -1.000 1.527e-02 8.881 15.088 12.199 10.805 9.345 8.539
0.0152 0.01508 7.60206 0.3500000238 2.0434176922    0.350 -1.572  3.5011  4.511    0  0.000  0.545     0.00     0.00     0.00     0.00     0.00 -1  -3.2e-15      0.00 7.092e-01 2.755e-01 2.746e-03 7.408e-04 6.719e-03 -1.000 1.527e-02 8.701 14.748 11.889 10.509 9.111 8.341
0.0152 0.01508 7.60206 0.3775706887 2.0864226818    0.378 -1.523  3.5061  4.514    0  0.000  0.545     0.00     0.00     0.00     0.00     0.00 -1 -3.44e-15      0.00 7.092e-01 2.755e-01 2.746e-03 7.408e-04 6.719e-03 -1.000 1.527e-02 8.577 14.520 11.677 10.307 8.951 8.206
0.0152 0.01508 7.60206 0.4000000358 2.1185026169    0.400 -1.485  3.5099  4.517    0  0.000  0.545     0.00     0.00     0.00     0.00     0.00 -1 -3.63e-15      0.00 7.092e-01 2.755e-01 2.746e-03 7.408e-04 6.719e-03 -1.000 1.527e-02 8.482 14.347 11.517 10.155 8.830 8.103
0.0152 0.01508 7.60206 0.4500000477 2.1822810173    0.450 -1.400  3.5188  4.518    0  0.000  0.545     0.00     0.00     0.00     0.00     0.00 -1 -4.16e-15      0.00 7.092e-01 2.755e-01 2.746e-03 7.408e-04 6.719e-03 -1.000 1.527e-02 8.270 13.972 11.162 9.811 8.560 7.875
0.0152 0.01508 7.60206 0.4770605266 2.2130758762    0.477 -1.356  3.5239  4.520    0  0.000  0.545     0.00     0.00     0.00     0.00     0.00 -1 -4.46e-15      0.00 7.092e-01 2.755e-01 2.746e-03 7.408e-04 6.719e-03 -1.000 1.527e-02 8.159 13.776 10.972 9.627 8.418 7.757
0.0152 0.01508 7.60206 0.5000000000 2.2374541759    0.500 -1.320  3.5278  4.520    0  0.000  0.545     0.00     0.00     0.00     0.00     0.00 -1 -4.73e-15      0.00 7.092e-01 2.755e-01 2.746e-03 7.408e-04 6.719e-03 -1.000 1.527e-02 8.070 13.625 10.825 9.484 8.307 7.662
0.0152 0.01508 7.60206 0.5125037432 2.2499830723    0.512 -1.301  3.5302  4.521    0  0.000  0.545     0.00     0.00     0.00     0.00     0.00 -1 -4.88e-15      0.00 7.092e-01 2.755e-01 2.746e-03 7.408e-04 6.719e-03 -1.000 1.527e-02 8.022 13.538 10.740 9.402 8.244 7.611
0.0152 0.01508 7.60206 0.5478197336 2.2818450928    0.547 -1.239  3.5371  4.516    0  0.000  0.545     0.00     0.00     0.00     0.00     0.00 -1 -5.47e-15      0.00 7.092e-01 2.755e-01 2.746e-03 7.408e-04 6.719e-03 -1.000 1.527e-02 7.868 13.282 10.488 9.159 8.053 7.449
0.0152 0.01508 7.60206 0.5500000119 2.2836582661    0.550 -1.235  3.5376  4.516    0  0.000  0.545     0.00     0.00     0.00     0.00     0.00 -1 -5.51e-15      0.00 7.092e-01 2.755e-01 2.746e-03 7.408e-04 6.719e-03 -1.000 1.527e-02 7.858 13.266 10.472 9.144 8.041 7.439
0.0152 0.01508 7.60206 0.5688200593 2.2986493111    0.569 -1.203  3.5419  4.515    0  0.000  0.545     0.00     0.00     0.00     0.00     0.00 -1 -5.84e-15      0.00 7.092e-01 2.755e-01 2.746e-03 7.408e-04 6.719e-03 -1.000 1.527e-02 7.777 13.126 10.332 9.007 7.939 7.355
0.0152 0.01508 7.60206 0.6000000238 2.3211214542    0.600 -1.139  3.5501  4.507    0  0.000  0.545     0.00     0.00     0.00     0.00     0.00 -1 -6.64e-15      0.00 7.092e-01 2.755e-01 2.746e-03 7.408e-04 6.719e-03 -1.000 1.527e-02 7.617 12.861 10.062 8.743 7.738 7.189
0.0152 0.01508 7.60206 0.6194635630 2.3338379860    0.619 -1.102  3.5560  4.508    0  0.000  0.545     0.00     0.00     0.00     0.00     0.00 -1 -7.09e-15      0.00 7.092e-01 2.755e-01 2.746e-03 7.408e-04 6.719e-03 -1.000 1.527e-02 7.526 12.700 9.893 8.574 7.618 7.095
0.0152 0.01508 7.60206 0.6356652379 2.3437433243    0.636 -1.069  3.5614  4.508    0  0.000  0.545     0.00     0.00     0.00     0.00     0.00 -1 -7.53e-15      0.00 7.092e-01 2.755e-01 2.746e-03 7.408e-04 6.719e-03 -1.000 1.527e-02 7.441 12.554 9.738 8.419 7.507 7.009
0.0152 0.01508 7.60206 0.6499999762 2.3520355225    0.650 -1.032  3.5673  4.504    0  0.000  0.545     0.00     0.00     0.00     0.00     0.00 -1 -8.13e-15      0.00 7.092e-01 2.755e-01 2.746e-03 7.408e-04 6.718e-03 -1.000 1.527e-02 7.349 12.398 9.571 8.252 7.388 6.916
0.0152 0.01508 7.60206 0.6581249833 2.3565514088    0.658 -1.011  3.5711  4.503    0  0.000  0.545     0.00     0.00     0.00     0.00     0.00 -1 -8.49e-15      0.00 7.092e-01 2.755e-01 2.746e-03 7.408e-04 6.718e-03 -1.000 1.527e-02 7.296 12.305 9.472 8.152 7.319 6.863
0.0152 0.01508 7.60206 0.6924126148 2.3742737770    0.693 -0.910  3.5901  4.501    0  0.000  0.545     0.00     0.00     0.00     0.00     0.00 -1 -1.04e-14      0.00 7.092e-01 2.755e-01 2.746e-03 7.408e-04 6.718e-03 -1.000 1.527e-02 7.045 11.868 9.000 7.691 6.996 6.618
0.0152 0.01508 7.60206 0.7000000477 2.3779268265    0.700 -0.885  3.5951  4.500    0  0.000  0.545     0.00     0.00     0.00     0.00     0.00 -1  -1.1e-14      0.00 7.092e-01 2.755e-01 2.746e-03 7.408e-04 6.718e-03 -1.000 1.527e-02 6.982 11.758 8.882 7.582 6.917 6.557
0.0152 0.01508 7.60206 0.7162392735 2.3854470253    0.716 -0.813  3.6173  4.527    0  0.000  0.542     0.00     0.00     0.00     0.00     0.00 -1 -1.24e-14      0.00 7.092e-01 2.755e-01 2.734e-03 7.405e-04 6.719e-03 -1.000 1.527e-02 6.802 11.350 8.454 7.205 6.671 6.386
0.0152 0.01508 7.60206 0.7332742214 2.3929252625    0.733 -0.737  3.6396  4.551    0  0.000  0.540     0.00     0.00     0.00     0.00     0.00 -1 -1.42e-14      0.00 7.092e-01 2.755e-01 2.721e-03 7.401e-04 6.719e-03 -1.000 1.527e-02 6.613 10.830 7.994 6.834 6.425 6.211
0.0152 0.01508 7.60206 0.7466819882 2.3985359669    0.747 -0.677  3.6562  4.565    0  0.000  0.538     0.00     0.00     0.00     0.00     0.00 -1 -1.59e-14      0.00 7.092e-01 2.755e-01 2.712e-03 7.399e-04 6.719e-03 -1.000 1.527e-02 6.462 10.306 7.642 6.572 6.238 6.066
0.0152 0.01508 7.60206 0.7500000000 2.3998889923    0.750 -0.662  3.6602  4.568    0  0.000  0.538     0.00     0.00     0.00     0.00     0.00 -1 -1.64e-14      0.00 7.092e-01 2.755e-01 2.709e-03 7.398e-04 6.719e-03 -1.000 1.527e-02 6.425 10.172 7.557 6.511 6.194 6.030
0.0152 0.01508 7.60206 0.7670024633 2.4066112041    0.767 -0.603  3.6703  4.559    0  0.000  0.538     0.00     0.00     0.00     0.00     0.00 -1 -1.87e-14      0.00 7.092e-01 2.755e-01 2.709e-03 7.398e-04 6.719e-03 -1.000 1.527e-02 6.277 9.783 7.295 6.315 6.029 5.885
0.0152 0.01508 7.60206 0.7910925150 2.4155690670    0.791 -0.518  3.6856  4.549    0  0.000  0.538     0.00     0.00     0.00     0.00     0.00 -1 -2.27e-14      0.00 7.092e-01 2.755e-01 2.709e-03 7.398e-04 6.719e-03 -1.000 1.527e-02 6.066 9.217 6.928 6.046 5.800 5.682
0.0152 0.01508 7.60206 0.8000000119 2.4187245369    0.800 -0.488  3.6913  4.546    0  0.000  0.538     0.00     0.00     0.00     0.00     0.00 -1 -2.43e-14      0.00 7.092e-01 2.755e-01 2.709e-03 7.398e-04 6.719e-03 -1.000 1.527e-02 5.989 9.020 6.798 5.952 5.718 5.609
0.0152 0.01508 7.60206 0.8200746775 2.4255480766    0.820 -0.420  3.7040  4.540    0  0.000  0.538     0.00     0.00     0.00     0.00     0.00 -1 -2.83e-14      0.00 7.092e-01 2.755e-01 2.709e-03 7.398e-04 6.719e-03 -1.000 1.527e-02 5.821 8.584 6.523 5.750 5.543 5.452
0.0152 0.01508 7.60206 0.8287867904 2.4283912182    0.828 -0.392  3.7095  4.538    0  0.000  0.538     0.00     0.00     0.00     0.00     0.00 -1 -3.01e-14      0.00 7.092e-01 2.755e-01 2.709e-03 7.398e-04 6.719e-03 -1.000 1.527e-02 5.749 8.405 6.410 5.666 5.469 5.386
0.0152 0.01508 7.60206 0.8500000238 2.4350347519    0.850 -0.343  3.7189  4.538    0  0.000  0.538     0.00     0.00     0.00     0.00     0.00 -1 -3.33e-14      0.00 7.092e-01 2.755e-01 2.709e-03 7.398e-04 6.719e-03 -1.000 1.526e-02 5.629 8.104 6.222 5.527 5.347 5.278
0.0152 0.01508 7.60206 0.8944975138 2.4478006363    0.894 -0.261  3.7362  4.547    0  0.000  0.538     0.00     0.00     0.00     0.00     0.00 -1 -3.91e-14      0.00 7.092e-01 2.755e-01 2.709e-03 7.397e-04 6.718e-03 -1.000 1.526e-02 5.423 7.599 5.911 5.296 5.144 5.097
0.0152 0.01508 7.60206 0.9000000358 2.4492788315    0.899 -0.254  3.7377  4.549    0  0.000  0.538     0.00     0.00     0.00     0.00     0.00 -1 -3.96e-14      0.00 7.092e-01 2.755e-01 2.709e-03 7.397e-04 6.718e-03 -1.000 1.527e-02 5.406 7.557 5.885 5.277 5.128 5.083
0.0152 0.01508 7.60206 0.9204960465 2.4546060562    0.920 -0.231  3.7427  4.556    0  0.000  0.538     0.00     0.00     0.00     0.00     0.00 -1  -4.1e-14      0.00 7.092e-01 2.755e-01 2.709e-03 7.397e-04 6.718e-03 -1.000 1.527e-02 5.348 7.410 5.799 5.214 5.074 5.035
0.0152 0.01508 7.60206 0.9500000477 2.4618122578    0.950 -0.193  3.7492  4.557    0  0.000  0.538     0.00     0.00     0.00     0.00     0.00 -1  -4.4e-14      0.00 7.093e-01 2.755e-01 2.709e-03 7.396e-04 6.718e-03 -1.000 1.527e-02 5.252 7.194 5.667 5.115 4.985 4.954
0.0152 0.01508 7.60206 0.9704274535 2.4665076733    0.970 -0.169  3.7529  4.558    0  0.000  0.538     0.00     0.00     0.00     0.00     0.00 -1 -4.59e-14      0.00 7.093e-01 2.754e-01 2.709e-03 7.396e-04 6.718e-03 -1.000 1.527e-02 5.194 7.074 5.591 5.056 4.931 4.905
0.0152 0.01508 7.60206 1.0000000000 2.4729156494    1.000 -0.124  3.7588  4.550    0  0.000  0.538     0.00     0.00     0.00     0.00     0.00 -1 -5.05e-14      0.00 7.093e-01 2.754e-01 2.709e-03 7.396e-04 6.718e-03 -1.000 1.527e-02 5.080 6.864 5.449 4.942 4.826 4.806
0.0152 0.01508 7.60206 1.0233886242 2.4776830673    1.023 -0.088  3.7631  4.541    0  0.000  0.538     0.00     0.00     0.00     0.00     0.00 -1 -5.28e-14      0.00 7.093e-01 2.754e-01 2.708e-03 7.395e-04 6.717e-03 -1.000 1.527e-02 4.990 6.709 5.340 4.852 4.742 4.728
0.0152 0.01508 7.60206 1.0499999523 2.4828116894    1.050 -0.037  3.7692  4.525    0  0.000  0.538     0.00     0.00     0.00     0.00     0.00 -1 -5.74e-14      0.00 7.093e-01 2.754e-01 2.708e-03 7.395e-04 6.717e-03 -1.000 1.527e-02 4.862 6.492 5.184 4.724 4.625 4.618
0.0152 0.01508 7.60206 1.1000000238 2.4916803837    1.099  0.059  3.7798  4.492    0  0.000  0.538     0.00     0.00     0.00     0.00     0.00 -1  -6.7e-14      0.00 7.094e-01 2.753e-01 2.708e-03 7.393e-04 6.715e-03 -1.000 1.527e-02 4.623 6.110 4.900 4.489 4.406 4.412
0.0152 0.01508 7.60206 1.1221781969 2.4953243732    1.121  0.101  3.7844  4.476    0  0.000  0.538     0.00     0.00     0.00     0.00     0.00 -1 -7.15e-14      0.00 7.094e-01 2.753e-01 2.707e-03 7.393e-04 6.714e-03 -1.000 1.527e-02 4.516 5.954 4.776 4.385 4.310 4.320
0.0152 0.01508 7.60206 1.1499999762 2.4996678829    1.149  0.154  3.7903  4.458    0  0.000  0.538     0.00     0.00     0.00     0.00     0.00 -1 -7.75e-14      0.00 7.095e-01 2.753e-01 2.707e-03 7.391e-04 6.713e-03 -1.000 1.524e-02 4.386 5.763 4.624 4.259 4.192 4.210
0.0152 0.01508 7.60206 1.2000000477 2.5068950653    1.200  0.249  3.8010  4.424    0  0.000  0.538     0.00     0.00     0.00     0.00     0.00 -1 -8.89e-14      0.00 7.095e-01 2.752e-01 2.707e-03 7.390e-04 6.712e-03 -1.000 1.527e-02 4.148 5.430 4.349 4.030 3.981 4.010
0.0152 0.01508 7.60206 1.2500000000 2.5134611130    1.250  0.341  3.8116  4.393    0  0.000  0.538     0.00     0.00     0.00     0.00     0.00 -1    -1e-13      0.00 7.096e-01 2.752e-01 2.707e-03 7.390e-04 6.712e-03 -1.000 1.527e-02 3.918 5.126 4.086 3.811 3.778 3.818
0.0152 0.01508 7.60206 1.2654309273 2.5153675079    1.265  0.369  3.8152  4.384    0  0.000  0.538     0.00     0.00     0.00     0.00     0.00 -1 -1.04e-13      0.00 7.096e-01 2.752e-01 2.707e-03 7.390e-04 6.712e-03 -1.000 1.527e-02 3.848 5.037 4.005 3.743 3.716 3.760
0.0152 0.01508 7.60206 1.2999999523 2.5194499493    1.300  0.425  3.8215  4.365    0  0.000  0.538     0.00     0.00     0.00     0.00     0.00 -1  -1.1e-13      0.00 7.096e-01 2.751e-01 2.706e-03 7.389e-04 6.712e-03 -1.000 1.527e-02 3.708 4.870 3.847 3.608 3.591 3.642
0.0152 0.01508 7.60206 1.3500001431 2.5249314308    1.350  0.502  3.8310  4.342    0  0.000  0.538     0.00     0.00     0.00     0.00     0.00 -1 -1.16e-13      0.00 7.097e-01 2.751e-01 2.706e-03 7.389e-04 6.711e-03 -1.000 1.522e-02 3.515 4.641 3.627 3.422 3.420 3.482
0.0152 0.01508 7.60206 1.4000000954 2.5299651623    1.400  0.575  3.8407  4.324    0  0.000  0.538     0.00     0.00     0.00     0.00     0.00 -1 -1.18e-13      0.00 7.097e-01 2.751e-01 2.706e-03 7.389e-04 6.711e-03 -1.000 1.520e-02 3.332 4.434 3.419 3.248 3.262 3.334
0.0152 0.01508 7.60206 1.4500000477 2.5346016884    1.450  0.643  3.8515  4.315    0  0.000  0.538     0.00     0.00     0.00     0.00     0.00 -1 -1.14e-13      0.00 7.097e-01 2.751e-01 2.706e-03 7.388e-04 6.711e-03 -1.000 1.526e-02 3.163 4.243 3.224 3.089 3.122 3.205
0.0152 0.01508 7.60206 1.5000000000 2.5388846397    1.500  0.708  3.8636  4.313    0  0.000  0.538     0.00     0.00     0.00     0.00     0.00 -1 -1.05e-13      0.00 7.097e-01 2.750e-01 2.705e-03 7.388e-04 6.710e-03 -1.000 1.526e-02 3.000 4.062 3.034 2.940 2.992 3.089
0.0152 0.01508 7.60206 1.5500001907 2.5428512096    1.550  0.770  3.8769  4.318    0  0.000  0.538     0.00     0.00     0.00     0.00     0.00 -1 -8.88e-14      0.00 7.097e-01 2.750e-01 2.705e-03 7.387e-04 6.710e-03 -1.000 1.526e-02 2.844 3.894 2.852 2.801 2.876 2.986
0.0152 0.01508 7.60206 1.6000000238 2.5465342999    1.600  0.831  3.8902  4.324    0  0.000  0.538     0.00     0.00     0.00     0.00     0.00 -1 -6.66e-14      0.00 7.098e-01 2.750e-01 2.705e-03 7.386e-04 6.709e-03 -1.000 1.526e-02 2.693 3.734 2.677 2.668 2.767 2.890
0.0152 0.01508 7.60206 1.6500000954 2.5499615669    1.649  0.888  3.9027  4.330    0  0.000  0.538     0.00     0.00     0.00     0.00     0.00 -1 -3.72e-14      0.00 7.098e-01 2.749e-01 2.705e-03 7.386e-04 6.708e-03 -1.000 1.525e-02 2.550 3.586 2.515 2.548 2.668 2.802
0.0152 0.01508 7.60206 1.7000000477 2.5531582832    1.699  0.944  3.9146  4.335    0  0.000  0.538     0.00     0.00     0.00     0.00     0.00 -1    -1e-30      0.00 7.098e-01 2.749e-01 2.705e-03 7.385e-04 6.708e-03 -1.000 1.525e-02 2.411 3.443 2.363 2.435 2.575 2.719
0.0152 0.01508 7.60206 1.7500000000 2.5561456680    1.749  0.997  3.9260  4.339    0  0.000  0.538     0.00     0.00     0.00     0.00     0.00 -1    -1e-30      0.00 7.098e-01 2.749e-01 2.704e-03 7.385e-04 6.708e-03 -1.000 1.526e-02 2.277 3.305 2.221 2.331 2.488 2.640
0.0152 0.01508 7.60206 1.8000000715 2.5589430332    1.799  1.049  3.9367  4.343    0  0.000  0.538     0.00     0.00     0.00     0.00     0.00 -1    -1e-30      0.00 7.099e-01 2.749e-01 2.704e-03 7.384e-04 6.707e-03 -1.000 1.524e-02 2.147 3.170 2.092 2.235 2.407 2.566
0.0152 0.01508 7.60206 1.8500000238 2.5615673065    1.849  1.098  3.9467  4.346    0  0.000  0.538     0.00     0.00     0.00     0.00     0.00 -1    -1e-30      0.00 7.099e-01 2.749e-01 2.704e-03 7.384e-04 6.707e-03 -1.000 1.524e-02 2.025 3.042 1.978 2.148 2.332 2.496
0.0152 0.01508 7.60206 1.9000000954 2.5640332699    1.899  1.146  3.9562  4.348    0  0.000  0.538     0.00     0.00     0.00     0.00     0.00 -1    -1e-30      0.00 7.099e-01 2.749e-01 2.704e-03 7.383e-04 6.706e-03 -1.000 1.524e-02 1.906 2.917 1.874 2.065 2.260 2.429
0.0152 0.01508 7.60206 1.9500001669 2.5663545132    1.950  1.192  3.9655  4.350    0  0.000  0.538     0.00     0.00     0.00     0.00     0.00 -1    -1e-30      0.00 7.099e-01 2.748e-01 2.704e-03 7.383e-04 6.706e-03 -1.000 1.523e-02 1.790 2.797 1.778 1.987 2.192 2.365
0.0152 0.01508 7.60206 2.0000000000 2.5685424805    2.000  1.237  3.9742  4.351    1  0.000  0.538     0.00     0.00     0.00     0.00     0.00 -1    -1e-30      0.00 7.099e-01 2.748e-01 2.704e-03 7.383e-04 6.706e-03 -1.000 1.527e-02 1.678 2.684 1.689 1.914 2.127 2.304
0.0152 0.01508 7.60206 2.0499999523 2.5706083775    2.050  1.280  3.9825  4.351    1  0.000  0.538     0.00     0.00     0.00     0.00     0.00 -1    -1e-30      0.00 7.100e-01 2.748e-01 2.704e-03 7.382e-04 6.705e-03 -1.000 1.525e-02 1.570 2.576 1.606 1.845 2.064 2.244
0.0152 0.01508 7.60206 2.0999999046 2.5725615025    2.099  1.322  3.9904  4.351    1  0.000  0.538     0.00     0.00     0.00     0.00     0.00 -1    -1e-30      0.00 7.100e-01 2.748e-01 2.703e-03 7.382e-04 6.705e-03 -1.000 1.522e-02 1.464 2.471 1.527 1.778 2.002 2.186
0.0152 0.01508 7.60206 2.1500000954 2.5744106770    2.149  1.364  3.9981  4.351    1  0.000  0.538     0.00     0.00     0.00     0.00     0.00 -1    -1e-30      0.00 7.100e-01 2.748e-01 2.703e-03 7.382e-04 6.705e-03 -1.000 1.523e-02 1.361 2.369 1.453 1.714 1.944 2.130
0.0152 0.01508 7.60206 2.2000000477 2.5761635303    2.199  1.404  4.0054  4.350    1  0.000  0.538     0.00     0.00     0.00     0.00     0.00 -1    -1e-30      0.00 7.100e-01 2.747e-01 2.704e-03 7.381e-04 6.705e-03 -1.000 1.527e-02 1.261 2.271 1.381 1.650 1.885 2.074
0.0152 0.01508 7.60206 2.2500000000 2.5778269768    2.249  1.443  4.0125  4.349    1  0.000  0.538     0.00     0.00     0.00     0.00     0.00 -1    -1e-30      0.00 7.100e-01 2.748e-01 2.703e-03 7.381e-04 6.704e-03 -1.000 1.526e-02 1.163 2.175 1.312 1.590 1.829 2.020
0.0152 0.01508 7.60206 2.2999999523 2.5794074535    2.299  1.481  4.0193  4.348    1  0.000  0.538     0.00     0.00     0.00     0.00     0.00 -1    -1e-30      0.00 7.100e-01 2.747e-01 2.703e-03 7.381e-04 6.704e-03 -1.000 1.526e-02 1.068 2.082 1.246 1.530 1.772 1.966
0.0152 0.01508 7.60206 2.4000000954 2.5823426247    2.399  1.554  4.0321  4.345    1  0.000  0.538     0.00     0.00     0.00     0.00     0.00 -1    -1e-30      0.00 7.100e-01 2.747e-01 2.703e-03 7.381e-04 6.704e-03 -1.000 1.523e-02 0.885 1.904 1.119 1.415 1.663 1.862
0.0152 0.01508 7.60206 2.4310631752 2.5831978321    2.430  1.576  4.0359  4.343    1  0.000  0.538     0.00     0.00     0.00     0.00     0.00 -1    -1e-30      0.00 7.099e-01 2.748e-01 2.704e-03 7.383e-04 6.706e-03 -1.000 1.523e-02 0.831 1.851 1.081 1.380 1.630 1.830
0.0152 0.01508 7.60206 2.5999999046 2.5874414444    2.600  1.691  4.0555  4.336    1  0.000  0.538     0.00     0.00     0.00     0.00     0.00 -1    -1e-30      0.00 7.092e-01 2.755e-01 2.710e-03 7.399e-04 6.720e-03 -1.000 1.527e-02 0.542 1.573 0.883 1.196 1.454 1.662
0.0152 0.01508 7.60206 2.8000001907 2.5917119980    2.800  1.819  4.0766  4.325    1  0.000  0.538     0.00     0.00     0.00     0.00     0.00 -1    -1e-30      0.00 7.092e-01 2.755e-01 2.710e-03 7.399e-04 6.720e-03 -1.000 1.527e-02 0.223 1.271 0.666 0.991 1.257 1.474
0.0152 0.01508 7.60206 3.0000000000 2.5953342915    3.000  1.937  4.0956  4.313    1  0.000  0.538     0.00     0.00     0.00     0.00     0.00 -1    -1e-30      0.00 7.092e-01 2.755e-01 2.710e-03 7.399e-04 6.720e-03 -1.000 1.527e-02 -0.072 0.998 0.466 0.801 1.072 1.298
0.0152 0.01508 7.60206 3.1898968220 2.5982947350    3.189  2.042  4.1122  4.300    1  0.000  0.538     0.00     0.00     0.00     0.00     0.00 -1    -1e-30      0.00 7.092e-01 2.755e-01 2.710e-03 7.399e-04 6.720e-03 -1.000 1.527e-02 -0.336 0.759 0.289 0.632 0.908 1.140
0.0152 0.01508 7.60206 3.2000000477 2.5984411240    3.199  2.048  4.1131  4.300    1  0.000  0.538     0.00     0.00     0.00     0.00     0.00 -1    -1e-30      0.00 7.092e-01 2.755e-01 2.710e-03 7.399e-04 6.720e-03 -1.000 1.527e-02 -0.349 0.747 0.280 0.623 0.899 1.132
0.0152 0.01508 7.60206 3.3552336693 2.6005611420    3.354  2.129  4.1257  4.289    1  0.000  0.538     0.00     0.00     0.00     0.00     0.00 -1    -1e-30      0.00 7.092e-01 2.755e-01 2.710e-03 7.399e-04 6.720e-03 -1.000 1.527e-02 -0.553 0.569 0.143 0.493 0.772 1.010
0.0152 0.01508 7.60206 3.4000000954 2.6011312008    3.398  2.152  4.1293  4.286    1  0.000  0.538     0.00     0.00     0.00     0.00     0.00 -1    -1e-30      0.00 7.092e-01 2.755e-01 2.710e-03 7.399e-04 6.720e-03 -1.000 1.527e-02 -0.611 0.519 0.105 0.456 0.736 0.976
0.0152 0.01508 7.60206 3.5807223320 2.6032671928    3.578  2.242  4.1430  4.274    1  0.000  0.538     0.00     0.00     0.00     0.00     0.00 -1    -1e-30      0.00 7.092e-01 2.755e-01 2.710e-03 7.399e-04 6.720e-03 -1.000 1.527e-02 -0.835 0.324 -0.046 0.312 0.596 0.841
0.0152 0.01508 7.60206 3.6000001431 2.6034805775    3.598  2.251  4.1444  4.272    1  0.000  0.538     0.00     0.00     0.00     0.00     0.00 -1    -1e-30      0.00 7.092e-01 2.755e-01 2.710e-03 7.399e-04 6.720e-03 -1.000 1.527e-02 -0.858 0.304 -0.061 0.297 0.581 0.827
0.0152 0.01508 7.60206 3.8000001907 2.6055479050    3.798  2.345  4.1585  4.259    1  0.000  0.538     0.00     0.00     0.00     0.00     0.00 -1    -1e-30      0.00 7.092e-01 2.755e-01 2.710e-03 7.399e-04 6.720e-03 -1.000 1.527e-02 -1.093 0.105 -0.218 0.147 0.435 0.686
0.0152 0.01508 7.60206 4.0000000000 2.6073791981    4.001  2.435  4.1717  4.244    1  0.000  0.538     0.00     0.00     0.00     0.00     0.00 -1    -1e-30      0.00 7.092e-01 2.755e-01 2.710e-03 7.399e-04 6.720e-03 -1.000 1.527e-02 -1.317 -0.083 -0.369 0.002 0.294 0.550
0.0152 0.01508 7.60206 4.0123286247 2.6074852943    4.013  2.440  4.1724  4.243    1  0.000  0.538     0.00     0.00     0.00     0.00     0.00 -1    -1e-30      0.00 7.092e-01 2.755e-01 2.710e-03 7.399e-04 6.720e-03 -1.000 1.527e-02 -1.330 -0.095 -0.378 -0.006 0.285 0.541
0.0152 0.01508 7.60206 4.1999998093 2.6090114117    4.198  2.521  4.1840  4.229    1  0.000  0.538     0.00     0.00     0.00     0.00     0.00 -1    -1e-30      0.00 7.092e-01 2.755e-01 2.710e-03 7.399e-04 6.720e-03 -1.000 1.527e-02 -1.531 -0.263 -0.515 -0.137 0.157 0.417
0.0152 0.01508 7.60206 4.3812332153 2.6103434563    4.378  2.596  4.1946  4.214    1  0.000  0.538     0.00     0.00     0.00     0.00     0.00 -1    -1e-30      0.00 7.092e-01 2.755e-01 2.710e-03 7.399e-04 6.720e-03 -1.000 1.527e-02 -1.719 -0.418 -0.643 -0.261 0.037 0.301
0.0152 0.01508 7.60206 4.4000000954 2.6104743481    4.397  2.603  4.1956  4.212    1  0.000  0.538     0.00     0.00     0.00     0.00     0.00 -1    -1e-30      0.00 7.092e-01 2.755e-01 2.710e-03 7.399e-04 6.720e-03 -1.000 1.527e-02 -1.738 -0.434 -0.657 -0.273 0.025 0.289
0.0152 0.01508 7.60206 4.5674972534 2.6115865707    4.565  2.670  4.2047  4.198    1  0.000  0.538     0.00     0.00     0.00     0.00     0.00 -1    -1e-30      0.00 7.092e-01 2.755e-01 2.710e-03 7.399e-04 6.720e-03 -1.000 1.527e-02 -1.905 -0.573 -0.773 -0.385 -0.085 0.182
0.0152 0.01508 7.60206 4.5999999046 2.6117916107    4.598  2.683  4.2063  4.195    1  0.000  0.538     0.00     0.00     0.00     0.00     0.00 -1    -1e-30      0.00 7.092e-01 2.755e-01 2.710e-03 7.399e-04 6.720e-03 -1.000 1.527e-02 -1.937 -0.600 -0.796 -0.407 -0.106 0.161
0.0152 0.01508 7.60206 4.8000001907 2.6129837036    4.798  2.760  4.2163  4.176    1  0.000  0.538     0.00     0.00     0.00     0.00     0.00 -1    -1e-30      0.00 7.092e-01 2.755e-01 2.710e-03 7.399e-04 6.720e-03 -1.000 1.527e-02 -2.131 -0.762 -0.934 -0.540 -0.236 0.034
0.0152 0.01508 7.60206 4.8669867516 2.6133577824    4.865  2.786  4.2195  4.169    1  0.000  0.538     0.00     0.00     0.00     0.00     0.00 -1    -1e-30      0.00 7.092e-01 2.755e-01 2.710e-03 7.399e-04 6.720e-03 -1.000 1.527e-02 -2.195 -0.815 -0.979 -0.584 -0.279 -0.008
0.0152 0.01508 7.60206 5.0000000000 2.6140668392    4.999  2.836  4.2256  4.155    1  0.000  0.538     0.00     0.00     0.00     0.00     0.00 -1    -1e-30      0.00 7.092e-01 2.755e-01 2.710e-03 7.399e-04 6.720e-03 -1.000 1.527e-02 -2.320 -0.920 -1.070 -0.671 -0.365 -0.092
0.0152 0.01508 7.60206 5.1252746582 2.6146957874    5.125  2.882  4.2312  4.142    1  0.000  0.538     0.00     0.00     0.00     0.00     0.00 -1    -1e-30      0.00 7.092e-01 2.755e-01 2.710e-03 7.399e-04 6.720e-03 -1.000 1.527e-02 -2.435 -1.018 -1.154 -0.753 -0.445 -0.170
0.0152 0.01508 7.60206 5.1999998093 2.6150546074    5.200  2.909  4.2343  4.134    1  0.000  0.538     0.00     0.00     0.00     0.00     0.00 -1    -1e-30      0.00 7.092e-01 2.755e-01 2.710e-03 7.399e-04 6.720e-03 -1.000 1.527e-02 -2.503 -1.075 -1.205 -0.802 -0.493 -0.217
0.0152 0.01508 7.60206 5.3735346794 2.6158435345    5.374  2.972  4.2414  4.114    1  0.000  0.538     0.00     0.00     0.00     0.00     0.00 -1    -1e-30      0.00 7.092e-01 2.755e-01 2.710e-03 7.399e-04 6.720e-03 -1.000 1.527e-02 -2.659 -1.208 -1.321 -0.915 -0.604 -0.325
0.0152 0.01508 7.60206 5.3999996185 2.6159586906    5.401  2.981  4.2424  4.111    1  0.000  0.538     0.00     0.00     0.00     0.00     0.00 -1    -1e-30      0.00 7.092e-01 2.755e-01 2.710e-03 7.399e-04 6.720e-03 -1.000 1.527e-02 -2.682 -1.228 -1.339 -0.932 -0.621 -0.342
0.0152 0.01508 7.60206 5.5999994278 2.6167888641    5.601  3.051  4.2496  4.085    1  0.000  0.538     0.00     0.00     0.00     0.00     0.00 -1    -1e-30      0.00 7.092e-01 2.755e-01 2.710e-03 7.399e-04 6.720e-03 -1.000 1.527e-02 -2.858 -1.381 -1.475 -1.064 -0.751 -0.470
0.0152 0.01508 7.60206 5.6527266502 2.6169965267    5.654  3.070  4.2513  4.078    1  0.000  0.538     0.00     0.00     0.00     0.00     0.00 -1    -1e-30      0.00 7.092e-01 2.755e-01 2.710e-03 7.399e-04 6.720e-03 -1.000 1.527e-02 -2.904 -1.421 -1.511 -1.100 -0.786 -0.505
0.0152 0.01508 7.60206 5.8000001907 2.6175537109    5.801  3.121  4.2559  4.056    1  0.000  0.538     0.00     0.00     0.00     0.00     0.00 -1    -1e-30      0.00 7.092e-01 2.755e-01 2.710e-03 7.399e-04 6.720e-03 -1.000 1.527e-02 -3.033 -1.536 -1.615 -1.201 -0.887 -0.604
0.0152 0.01508 7.60206 5.9740772247 2.6181714535    5.975  3.182  4.2608  4.028    1  0.000  0.538     0.00     0.00     0.00     0.00     0.00 -1    -1e-30      0.00 7.092e-01 2.755e-01 2.710e-03 7.399e-04 6.720e-03 -1.000 1.527e-02 -3.184 -1.672 -1.740 -1.323 -1.007 -0.722
0.0152 0.01508 7.60206 6.0000000000 2.6182601452    6.000  3.191  4.2615  4.023    1  0.000  0.538     0.00     0.00     0.00     0.00     0.00 -1    -1e-30      0.00 7.092e-01 2.755e-01 2.710e-03 7.399e-04 6.720e-03 -1.000 1.527e-02 -3.207 -1.692 -1.759 -1.342 -1.025 -0.741
0.0152 0.01508 7.60206 6.1438760757 2.6187355518    6.144  3.240  4.2649  3.998    1  0.000  0.538     0.00     0.00     0.00     0.00     0.00 -1    -1e-30      0.00 7.092e-01 2.755e-01 2.710e-03 7.399e-04 6.720e-03 -1.000 1.527e-02 -3.330 -1.805 -1.863 -1.444 -1.127 -0.842
0.0152 0.01508 7.60206 6.1999998093 2.6189143658    6.200  3.259  4.2660  3.987    1  0.000  0.538     0.00     0.00     0.00     0.00     0.00 -1    -1e-30      0.00 7.092e-01 2.755e-01 2.710e-03 7.399e-04 6.720e-03 -1.000 1.527e-02 -3.378 -1.850 -1.905 -1.486 -1.168 -0.882
0.0152 0.01508 7.60206 6.2657346725 2.6191189289    6.265  3.281  4.2673  3.975    1  0.000  0.538     0.00     0.00     0.00     0.00     0.00 -1    -1e-30      0.00 7.092e-01 2.755e-01 2.710e-03 7.399e-04 6.720e-03 -1.000 1.527e-02 -3.434 -1.902 -1.954 -1.534 -1.216 -0.930
0.0152 0.01508 7.60206 6.4000000954 2.6195218563    6.399  3.328  4.2692  3.945    1  0.000  0.538     0.00     0.00     0.00     0.00     0.00 -1    -1e-30      0.00 7.092e-01 2.755e-01 2.710e-03 7.399e-04 6.720e-03 -1.000 1.527e-02 -3.549 -2.014 -2.060 -1.639 -1.320 -1.034
0.0152 0.01508 7.60206 6.4546546936 2.6196801662    6.453  3.346  4.2699  3.933    1  0.000  0.538     0.00     0.00     0.00     0.00     0.00 -1    -1e-30      0.00 7.092e-01 2.755e-01 2.710e-03 7.399e-04 6.720e-03 -1.000 1.527e-02 -3.596 -2.059 -2.103 -1.682 -1.363 -1.076
0.0152 0.01508 7.60206 6.5998740196 2.6200866699    6.598  3.396  4.2709  3.897    1  0.000  0.538     0.00     0.00     0.00     0.00     0.00 -1    -1e-30      0.00 7.092e-01 2.755e-01 2.710e-03 7.399e-04 6.720e-03 -1.000 1.527e-02 -3.720 -2.183 -2.222 -1.801 -1.482 -1.195
0.0152 0.01508 7.60206 6.7436037064 2.6204693317    6.740  3.446  4.2711  3.858    1  0.000  0.538     0.00     0.00     0.00     0.00     0.00 -1    -1e-30      0.00 7.092e-01 2.755e-01 2.710e-03 7.399e-04 6.720e-03 -1.000 1.527e-02 -3.844 -2.309 -2.346 -1.924 -1.605 -1.319
0.0152 0.01508 7.60206 6.8739538193 2.6208002567    6.870  3.492  4.2700  3.815    1  0.000  0.538     0.00     0.00     0.00     0.00     0.00 -1    -1e-30      0.00 7.092e-01 2.755e-01 2.710e-03 7.399e-04 6.720e-03 -1.000 1.527e-02 -3.959 -2.431 -2.468 -2.047 -1.728 -1.442
0.0152 0.01508 7.60206 6.9828104973 2.6210660934    6.978  3.531  4.2680  3.775    1  0.000  0.538     0.00     0.00     0.00     0.00     0.00 -1    -1e-30      0.00 7.092e-01 2.755e-01 2.710e-03 7.399e-04 6.720e-03 -1.000 1.527e-02 -4.057 -2.540 -2.579 -2.159 -1.840 -1.555
0.0152 0.01508 7.60206 7.0000000000 2.6211071014    6.996  3.537  4.2675  3.768    1  0.000  0.538     0.00     0.00     0.00     0.00     0.00 -1    -1e-30      0.00 7.092e-01 2.755e-01 2.710e-03 7.399e-04 6.720e-03 -1.000 1.527e-02 -4.073 -2.557 -2.597 -2.177 -1.859 -1.574
0.0152 0.01508 7.60206 7.1195931435 2.6213865280    7.116  3.579  4.2642  3.720    1  0.000  0.538     0.00     0.00     0.00     0.00     0.00 -1    -1e-30      0.00 7.092e-01 2.755e-01 2.710e-03 7.399e-04 6.720e-03 -1.000 1.527e-02 -4.178 -2.678 -2.722 -2.303 -1.986 -1.703
0.0152 0.01508 7.60206 7.2412462234 2.6216599941    7.238  3.623  4.2588  3.662    1  0.000  0.538     0.00     0.00     0.00     0.00     0.00 -1    -1e-30      0.00 7.092e-01 2.755e-01 2.710e-03 7.399e-04 6.720e-03 -1.000 1.527e-02 -4.288 -2.810 -2.863 -2.447 -2.131 -1.850
0.0152 0.01508 7.60206 7.3404130936 2.6218750477    7.338  3.660  4.2526  3.606    1  0.000  0.538     0.00     0.00     0.00     0.00     0.00 -1    -1e-30      0.00 7.092e-01 2.755e-01 2.710e-03 7.399e-04 6.720e-03 -1.000 1.527e-02 -4.380 -2.927 -2.990 -2.577 -2.263 -1.985
0.0152 0.01508 7.60206 7.4353075027 2.6220748425    7.433  3.696  4.2455  3.548    1  0.000  0.538     0.00     0.00     0.00     0.00     0.00 -1    -1e-30      0.00 7.092e-01 2.755e-01 2.710e-03 7.399e-04 6.720e-03 -1.000 1.527e-02 -4.469 -3.045 -3.120 -2.711 -2.399 -2.123
0.0152 0.01508 7.60206 7.5168824196 2.6222419739    7.515  3.728  4.2381  3.490    1  0.000  0.538     0.00     0.00     0.00     0.00     0.00 -1    -1e-30      0.00 7.092e-01 2.755e-01 2.710e-03 7.399e-04 6.720e-03 -1.000 1.527e-02 -4.550 -3.155 -3.244 -2.838 -2.528 -2.255
0.0152 0.01508 7.60206 7.5972595215 2.6224026680    7.596  3.763  4.2312  3.433    1  0.000  0.538     0.00     0.00     0.00     0.00     0.00 -1    -1e-30      0.00 7.092e-01 2.755e-01 2.710e-03 7.399e-04 6.720e-03 -1.000 1.527e-02 -4.637 -3.270 -3.370 -2.967 -2.660 -2.390
0.0152 0.01508 7.60206 7.6260690689 2.6224591732    7.625  3.776  4.2299  3.416    1  0.000  0.538     0.00     0.00     0.00     0.00     0.00 -1    -1e-30      0.00 7.092e-01 2.755e-01 2.710e-03 7.399e-04 6.720e-03 -1.000 1.527e-02 -4.671 -3.309 -3.411 -3.009 -2.702 -2.432
0.0152 0.01508 7.60206 7.6528515816 2.6225113869    7.652  3.794  4.2360  3.424    1  0.000  0.538     0.00     0.00     0.00     0.00     0.00 -1    -1e-30      0.00 7.092e-01 2.755e-01 2.710e-03 7.399e-04 6.720e-03 -1.000 1.527e-02 -4.714 -3.332 -3.420 -3.016 -2.707 -2.435
0.0152 0.01508 7.60206 7.6710534096 2.6225466728    7.670  3.811  4.2467  3.451    1  0.000  0.538     0.00     0.00     0.00     0.00     0.00 -1    -1e-30      0.00 7.092e-01 2.755e-01 2.710e-03 7.399e-04 6.720e-03 -1.000 1.527e-02 -4.757 -3.337 -3.403 -2.994 -2.682 -2.406
0.0152 0.01508 7.60206 7.6770739555 2.6225583553    7.677  3.824  4.2573  3.481    1  0.000  0.538     0.00     0.00     0.00     0.00     0.00 -1    -1e-30      0.00 7.092e-01 2.755e-01 2.710e-03 7.399e-04 6.720e-03 -1.000 1.527e-02 -4.789 -3.331 -3.376 -2.961 -2.646 -2.367
0.0152 0.01508 7.60206 7.6798748970 2.6225636005    7.679  3.838  4.2678  3.509    1  0.000  0.538     0.00     0.00     0.00     0.00     0.00 -1    -1e-30      0.00 7.092e-01 2.755e-01 2.710e-03 7.399e-04 6.720e-03 -1.000 1.527e-02 -4.824 -3.328 -3.353 -2.933 -2.615 -2.331
0.0152 0.01508 7.60206 7.6812601089 2.6225664616    7.681  3.853  4.2771  3.531    1  0.000  0.538     0.00     0.00     0.00     0.00     0.00 -1    -1e-30      0.00 7.092e-01 2.755e-01 2.710e-03 7.399e-04 6.720e-03 -1.000 1.527e-02 -4.861 -3.333 -3.339 -2.915 -2.594 -2.307
0.0152 0.01508 7.60206 7.6821613312 2.6225681305    7.682  3.869  4.2857  3.549    1  0.000  0.538     0.00     0.00     0.00     0.00     0.00 -1    -1e-30      0.00 7.092e-01 2.755e-01 2.710e-03 7.399e-04 6.720e-03 -1.000 1.527e-02 -4.902 -3.344 -3.332 -2.904 -2.581 -2.291
0.0152 0.01508 7.60206 7.6822690964 2.6225683689    7.682  3.870  4.2866  3.551    1  0.000  0.538     0.00     0.00     0.00     0.00     0.00 -1    -1e-30      0.00 7.092e-01 2.755e-01 2.710e-03 7.399e-04 6.720e-03 -1.000 1.527e-02 -4.906 -3.344 -3.331 -2.903 -2.579 -2.289
0.0152 0.01508 7.60206 7.6826572418 2.6225690842    7.682  3.849  4.2796  3.545    2  0.000  0.538     0.00     0.00     0.00     0.00     0.00 -1    -1e-30      0.00 7.092e-01 2.755e-01 2.710e-03 7.399e-04 6.720e-03 -1.000 1.527e-02 -4.852 -3.314 -3.315 -2.890 -2.568 -2.280
0.0152 0.01508 7.60206 7.6829609871 2.6225695610    7.682  3.831  4.2715  3.531    2  0.000  0.538     0.00     0.00     0.00     0.00     0.00 -1    -1e-30      0.00 7.092e-01 2.755e-01 2.710e-03 7.399e-04 6.720e-03 -1.000 1.527e-02 -4.807 -3.297 -3.315 -2.894 -2.574 -2.289
0.0152 0.01508 7.60206 7.6832170486 2.6225700378    7.683  3.819  4.2618  3.504    2  0.000  0.538     0.00     0.00     0.00     0.00     0.00 -1    -1e-30      0.00 7.092e-01 2.755e-01 2.710e-03 7.399e-04 6.720e-03 -1.000 1.527e-02 -4.777 -3.301 -3.338 -2.921 -2.605 -2.323
0.0152 0.01508 7.60206 7.6835107803 2.6225707531    7.683  3.814  4.2495  3.460    2  0.000  0.538     0.00     0.00     0.00     0.00     0.00 -1    -1e-30      0.00 7.092e-01 2.755e-01 2.710e-03 7.399e-04 6.720e-03 -1.000 1.527e-02 -4.764 -3.334 -3.395 -2.984 -2.671 -2.394
0.0152 0.01508 7.60206 7.6837878227 2.6225712299    7.683  3.819  4.2374  3.407    2  0.000  0.538     0.00     0.00     0.00     0.00     0.00 -1    -1e-30      0.00 7.092e-01 2.755e-01 2.710e-03 7.399e-04 6.720e-03 -1.000 1.527e-02 -4.776 -3.392 -3.475 -3.070 -2.761 -2.489
0.0152 0.01508 7.60206 7.6840600967 2.6225717068    7.684  3.827  4.2254  3.350    2  0.000  0.538     0.00     0.00     0.00     0.00     0.00 -1    -1e-30      0.00 7.092e-01 2.755e-01 2.710e-03 7.399e-04 6.720e-03 -1.000 1.527e-02 -4.797 -3.456 -3.563 -3.164 -2.858 -2.591
0.0152 0.01508 7.60206 7.6843290329 2.6225721836    7.684  3.836  4.2135  3.294    2  0.000  0.538     0.00     0.00     0.00     0.00     0.00 -1    -1e-30      0.00 7.092e-01 2.755e-01 2.710e-03 7.399e-04 6.720e-03 -1.000 1.527e-02 -4.819 -3.521 -3.652 -3.259 -2.957 -2.694
0.0152 0.01508 7.60206 7.6845955849 2.6225726604    7.684  3.843  4.2016  3.239    2  0.000  0.538     0.00     0.00     0.00     0.00     0.00 -1    -1e-30      0.00 7.092e-01 2.755e-01 2.710e-03 7.399e-04 6.720e-03 -1.000 1.527e-02 -4.838 -3.583 -3.737 -3.351 -3.052 -2.794
0.0152 0.01508 7.60206 7.6848583221 2.6225733757    7.684  3.850  4.1897  3.185    2  0.000  0.538     0.00     0.00     0.00     0.00     0.00 -1    -1e-30      0.00 7.092e-01 2.755e-01 2.710e-03 7.399e-04 6.720e-03 -1.000 1.527e-02 -4.854 -3.640 -3.819 -3.439 -3.144 -2.891
0.0152 0.01508 7.60206 7.6851167679 2.6225738525    7.685  3.854  4.1777  3.132    2  0.000  0.538     0.00     0.00     0.00     0.00     0.00 -1    -1e-30      0.00 7.092e-01 2.755e-01 2.710e-03 7.399e-04 6.720e-03 -1.000 1.527e-02 -4.866 -3.692 -3.897 -3.523 -3.232 -2.984
0.0152 0.01508 7.60206 7.6853680611 2.6225743294    7.685  3.858  4.1658  3.081    2  0.000  0.538     0.00     0.00     0.00     0.00     0.00 -1    -1e-30      0.00 7.092e-01 2.755e-01 2.710e-03 7.399e-04 6.720e-03 -1.000 1.527e-02 -4.874 -3.738 -3.971 -3.603 -3.315 -3.073
0.0152 0.01508 7.60206 7.6856131554 2.6225748062    7.685  3.860  4.1539  3.031    2  0.000  0.538     0.00     0.00     0.00     0.00     0.00 -1    -1e-30      0.00 7.092e-01 2.755e-01 2.710e-03 7.399e-04 6.720e-03 -1.000 1.527e-02 -4.880 -3.781 -4.043 -3.681 -3.396 -3.160
0.0152 0.01508 7.60206 7.6858491898 2.6225752831    7.685  3.862  4.1420  2.982    2  0.000  0.538     0.00     0.00     0.00     0.00     0.00 -1    -1e-30      0.00 7.092e-01 2.755e-01 2.710e-03 7.399e-04 6.720e-03 -1.000 1.527e-02 -4.884 -3.820 -4.111 -3.755 -3.475 -3.244
0.0152 0.01508 7.60206 7.6861343384 2.6225757599    7.686  3.862  4.1270  2.921    2  0.000  0.538     0.00     0.00     0.00     0.00     0.00 -1    -1e-30      0.00 7.092e-01 2.755e-01 2.710e-03 7.399e-04 6.720e-03 -1.000 1.527e-02 -4.886 -3.864 -4.192 -3.845 -3.569 -3.346
0.0152 0.01508 7.60206 7.6863512993 2.6225762367    7.686  3.862  4.1151  2.874    2  0.000  0.538     0.00     0.00     0.00     0.00     0.00 -1    -1e-30      0.00 7.092e-01 2.755e-01 2.710e-03 7.399e-04 6.720e-03 -1.000 1.527e-02 -4.885 -3.896 -4.254 -3.914 -3.642 -3.424
0.0152 0.01508 7.60206 7.6865596771 2.6225764751    7.686  3.861  4.1032  2.827    2  0.000  0.538     0.00     0.00     0.00     0.00     0.00 -1    -1e-30      0.00 7.092e-01 2.755e-01 2.710e-03 7.399e-04 6.720e-03 -1.000 1.527e-02 -4.883 -3.923 -4.314 -3.981 -3.712 -3.501
0.0152 0.01508 7.60206 7.6867599487 2.6225769520    7.686  3.860  4.0912  2.780    2  0.000  0.538     0.00     0.00     0.00     0.00     0.00 -1    -1e-30      0.00 7.092e-01 2.755e-01 2.710e-03 7.399e-04 6.720e-03 -1.000 1.527e-02 -4.880 -3.945 -4.372 -4.045 -3.781 -3.576
0.0152 0.01508 7.60206 7.6869511604 2.6225771904    7.686  3.858  4.0792  2.734    2  0.000  0.538     0.00     0.00     0.00     0.00     0.00 -1    -1e-30      0.00 7.092e-01 2.755e-01 2.710e-03 7.399e-04 6.720e-03 -1.000 1.527e-02 -4.876 -3.962 -4.428 -4.108 -3.847 -3.649
0.0152 0.01508 7.60206 7.6871337891 2.6225776672    7.687  3.856  4.0672  2.689    2  0.000  0.538     0.00     0.00     0.00     0.00     0.00 -1    -1e-30      0.00 7.092e-01 2.755e-01 2.710e-03 7.399e-04 6.720e-03 -1.000 1.527e-02 -4.870 -3.975 -4.481 -4.167 -3.910 -3.720
0.0152 0.01508 7.60206 7.6873087883 2.6225779057    7.687  3.854  4.0553  2.643    2  0.000  0.538     0.00     0.00     0.00     0.00     0.00 -1    -1e-30      0.00 7.092e-01 2.755e-01 2.710e-03 7.399e-04 6.720e-03 -1.000 1.527e-02 -4.864 -3.982 -4.532 -4.225 -3.971 -3.789
0.0152 0.01508 7.60206 7.6874747276 2.6225783825    7.687  3.851  4.0433  2.598    2  0.000  0.538     0.00     0.00     0.00     0.00     0.00 -1    -1e-30      0.00 7.092e-01 2.755e-01 2.710e-03 7.399e-04 6.720e-03 -1.000 1.527e-02 -4.856 -3.984 -4.581 -4.280 -4.029 -3.856
0.0152 0.01508 7.60206 7.6876330376 2.6225786209    7.687  3.847  4.0313  2.554    2  0.000  0.538     0.00     0.00     0.00     0.00     0.00 -1    -1e-30      0.00 7.092e-01 2.755e-01 2.710e-03 7.399e-04 6.720e-03 -1.000 1.527e-02 -4.848 -3.981 -4.628 -4.332 -4.085 -3.921
0.0152 0.01508 7.60206 7.6877837181 2.6225788593    7.687  3.844  4.0194  2.510    2  0.000  0.538     0.00     0.00     0.00     0.00     0.00 -1    -1e-30      0.00 7.092e-01 2.755e-01 2.710e-03 7.399e-04 6.720e-03 -1.000 1.527e-02 -4.839 -3.974 -4.672 -4.382 -4.139 -3.985
0.0152 0.01508 7.60206 7.6879272461 2.6225790977    7.687  3.840  4.0073  2.465    2  0.000  0.538     0.00     0.00     0.00     0.00     0.00 -1    -1e-30      0.00 7.092e-01 2.755e-01 2.710e-03 7.399e-04 6.720e-03 -1.000 1.527e-02 -4.829 -3.962 -4.713 -4.430 -4.191 -4.046
0.0152 0.01508 7.60206 7.6880631447 2.6225793362    7.688  3.836  3.9954  2.422    2  0.000  0.538     0.00     0.00     0.00     0.00     0.00 -1    -1e-30      0.00 7.092e-01 2.755e-01 2.710e-03 7.399e-04 6.720e-03 -1.000 1.527e-02 -4.819 -3.947 -4.751 -4.476 -4.241 -4.106
0.0152 0.01508 7.60206 7.6881928444 2.6225795746    7.688  3.831  3.9835  2.378    2  0.000  0.538     0.00     0.00     0.00     0.00     0.00 -1    -1e-30      0.00 7.092e-01 2.755e-01 2.710e-03 7.399e-04 6.720e-03 -1.000 1.527e-02 -4.808 -3.927 -4.787 -4.520 -4.289 -4.164
0.0152 0.01508 7.60206 7.6883172989 2.6225798130    7.688  3.827  3.9715  2.335    2  0.000  0.538     0.00     0.00     0.00     0.00     0.00 -1    -1e-30      0.00 7.092e-01 2.755e-01 2.710e-03 7.399e-04 6.720e-03 -1.000 1.527e-02 -4.797 -3.903 -4.821 -4.561 -4.336 -4.221
0.0152 0.01508 7.60206 7.6884355545 2.6225800514    7.688  3.822  3.9595  2.292    2  0.000  0.538     0.00     0.00     0.00     0.00     0.00 -1    -1e-30      0.00 7.092e-01 2.755e-01 2.710e-03 7.399e-04 6.720e-03 -1.000 1.527e-02 -4.785 -3.874 -4.851 -4.601 -4.381 -4.276
0.0152 0.01508 7.60206 7.6885480881 2.6225802898    7.688  3.817  3.9476  2.249    2  0.000  0.538     0.00     0.00     0.00     0.00     0.00 -1    -1e-30      0.00 7.092e-01 2.755e-01 2.710e-03 7.399e-04 6.720e-03 -1.000 1.527e-02 -4.773 -3.841 -4.877 -4.638 -4.425 -4.329
0.0152 0.01508 7.60206 7.6886553764 2.6225805283    7.688  3.812  3.9356  2.206    2  0.000  0.538     0.00     0.00     0.00     0.00     0.00 -1    -1e-30      0.00 7.092e-01 2.755e-01 2.710e-03 7.399e-04 6.720e-03 -1.000 1.527e-02 -4.760 -3.800 -4.897 -4.671 -4.466 -4.379
0.0152 0.01508 7.60206 7.6887588501 2.6225807667    7.688  3.807  3.9236  2.163    2  0.000  0.538     0.00     0.00     0.00     0.00     0.00 -1    -1e-30      0.00 7.092e-01 2.755e-01 2.710e-03 7.399e-04 6.720e-03 -1.000 1.527e-02 -4.747 -3.750 -4.908 -4.700 -4.505 -4.426
0.0152 0.01508 7.60206 7.6888566017 2.6225810051    7.688  3.802  3.9116  2.121    2  0.000  0.538     0.00     0.00     0.00     0.00     0.00 -1    -1e-30      0.00 7.092e-01 2.755e-01 2.710e-03 7.399e-04 6.720e-03 -1.000 1.527e-02 -4.734 -3.694 -4.909 -4.724 -4.542 -4.469
0.0152 0.01508 7.60206 7.6889495850 2.6225812435    7.688  3.796  3.8996  2.078    2  0.000  0.538     0.00     0.00     0.00     0.00     0.00 -1    -1e-30      0.00 7.092e-01 2.755e-01 2.710e-03 7.399e-04 6.720e-03 -1.000 1.527e-02 -4.720 -3.633 -4.900 -4.743 -4.576 -4.510
0.0152 0.01508 7.60206 7.6890382767 2.6225812435    7.689  3.791  3.8877  2.036    2  0.000  0.538     0.00     0.00     0.00     0.00     0.00 -1    -1e-30      0.00 7.092e-01 2.755e-01 2.710e-03 7.399e-04 6.720e-03 -1.000 1.527e-02 -4.706 -3.571 -4.881 -4.757 -4.607 -4.547
0.0152 0.01508 7.60206 7.6891222000 2.6225814819    7.689  3.785  3.8757  1.994    2  0.000  0.538     0.00     0.00     0.00     0.00     0.00 -1    -1e-30      0.00 7.092e-01 2.755e-01 2.710e-03 7.399e-04 6.720e-03 -1.000 1.527e-02 -4.692 -3.509 -4.852 -4.766 -4.635 -4.581
0.0152 0.01508 7.60206 7.6892027855 2.6225817204    7.689  3.779  3.8637  1.951    2  0.000  0.538     0.00     0.00     0.00     0.00     0.00 -1    -1e-30      0.00 7.092e-01 2.755e-01 2.710e-03 7.399e-04 6.720e-03 -1.000 1.527e-02 -4.678 -3.448 -4.814 -4.773 -4.663 -4.615
0.0152 0.01508 7.60206 7.6892971992 2.6225817204    7.689  3.772  3.8487  1.899    2  0.000  0.538     0.00     0.00     0.00     0.00     0.00 -1    -1e-30      0.00 7.092e-01 2.755e-01 2.710e-03 7.399e-04 6.720e-03 -1.000 1.527e-02 -4.659 -3.371 -4.754 -4.777 -4.696 -4.655
0.0152 0.01508 7.60206 7.6893687248 2.6225819588    7.689  3.766  3.8367  1.857    2  0.000  0.538     0.00     0.00     0.00     0.00     0.00 -1    -1e-30      0.00 7.092e-01 2.755e-01 2.710e-03 7.399e-04 6.720e-03 -1.000 1.527e-02 -4.644 -3.306 -4.698 -4.778 -4.720 -4.684
0.0152 0.01508 7.60206 7.6894369125 2.6225819588    7.689  3.759  3.8248  1.816    2  0.000  0.538     0.00     0.00     0.00     0.00     0.00 -1    -1e-30      0.00 7.092e-01 2.755e-01 2.710e-03 7.399e-04 6.720e-03 -1.000 1.527e-02 -4.628 -3.236 -4.639 -4.774 -4.741 -4.711
0.0152 0.01508 7.60206 7.6895008087 2.6225821972    7.689  3.753  3.8129  1.775    2  0.000  0.538     0.00     0.00     0.00     0.00     0.00 -1    -1e-30      0.00 7.092e-01 2.755e-01 2.710e-03 7.399e-04 6.720e-03 -1.000 1.527e-02 -4.613 -3.159 -4.576 -4.766 -4.757 -4.735
0.0152 0.01508 7.60206 7.6895627975 2.6225821972    7.689  3.746  3.8010  1.733    2  0.000  0.538     0.00     0.00     0.00     0.00     0.00 -1    -1e-30      0.00 7.092e-01 2.755e-01 2.710e-03 7.399e-04 6.720e-03 -1.000 1.527e-02 -4.596 -3.064 -4.506 -4.758 -4.774 -4.759
0.0152 0.01508 7.60206 7.6896209717 2.6225824356    7.689  3.740  3.7891  1.692    2  0.000  0.538     0.00     0.00     0.00     0.00     0.00 -1    -1e-30      0.00 7.092e-01 2.755e-01 2.710e-03 7.399e-04 6.720e-03 -1.000 1.527e-02 -4.580 -2.959 -4.431 -4.744 -4.785 -4.780
0.0152 0.01508 7.60206 7.6896772385 2.6225824356    7.689  3.733  3.7771  1.651    2  0.000  0.538     0.00     0.00     0.00     0.00     0.00 -1    -1e-30      0.00 7.092e-01 2.755e-01 2.710e-03 7.399e-04 6.720e-03 -1.000 1.527e-02 -4.562 -2.817 -4.346 -4.730 -4.797 -4.802
0.0152 0.01508 7.60206 7.6897425652 2.6225826740    7.689  3.724  3.7623  1.601    2  0.000  0.538     0.00     0.00     0.00     0.00     0.00 -1    -1e-30      0.00 7.092e-01 2.755e-01 2.710e-03 7.399e-04 6.720e-03 -1.000 1.527e-02 -4.540 -2.616 -4.231 -4.703 -4.804 -4.825
0.0152 0.01508 7.60206 7.6897921562 2.6225826740    7.689  3.717  3.7504  1.561    2  0.000  0.538     0.00     0.00     0.00     0.00     0.00 -1    -1e-30      0.00 7.092e-01 2.755e-01 2.710e-03 7.399e-04 6.720e-03 -1.000 1.527e-02 -4.521 -2.438 -4.139 -4.677 -4.801 -4.836
0.0152 0.01508 7.60206 7.6898398399 2.6225829124    7.689  3.709  3.7385  1.521    2  0.000  0.538     0.00     0.00     0.00     0.00     0.00 -1    -1e-30      0.00 7.092e-01 2.755e-01 2.710e-03 7.399e-04 6.720e-03 -1.000 1.527e-02 -4.502 -2.234 -4.040 -4.646 -4.792 -4.842
0.0152 0.01508 7.60206 7.6898851395 2.6225829124    7.689  3.701  3.7268  1.482    2  0.000  0.538     0.00     0.00     0.00     0.00     0.00 -1    -1e-30      0.00 7.092e-01 2.755e-01 2.710e-03 7.399e-04 6.720e-03 -1.000 1.527e-02 -4.482 -2.026 -3.938 -4.607 -4.776 -4.841
0.0152 0.01508 7.60206 7.6899285316 2.6225829124    7.689  3.692  3.7155  1.446    2  0.000  0.538     0.00     0.00     0.00     0.00     0.00 -1    -1e-30      0.00 7.092e-01 2.755e-01 2.710e-03 7.399e-04 6.720e-03 -1.000 1.527e-02 -4.461 -1.801 -3.832 -4.565 -4.755 -4.835
0.0152 0.01508 7.60206 7.6899714470 2.6225831509    7.689  3.683  3.7044  1.410    2  0.000  0.538     0.00     0.00     0.00     0.00     0.00 -1    -1e-30      0.00 7.092e-01 2.755e-01 2.710e-03 7.399e-04 6.720e-03 -1.000 1.527e-02 -4.437 -1.561 -3.722 -4.516 -4.726 -4.822
0.0152 0.01508 7.60206 7.6900162697 2.6225831509    7.690  3.672  3.6935  1.378    2  0.000  0.538     0.00     0.00     0.00     0.00     0.00 -1    -1e-30      0.00 7.092e-01 2.755e-01 2.710e-03 7.399e-04 6.720e-03 -1.000 1.527e-02 -4.410 -1.304 -3.606 -4.461 -4.690 -4.803
0.0152 0.01508 7.60206 7.6900658607 2.6225831509    7.690  3.659  3.6828  1.348    2  0.000  0.538     0.00     0.00     0.00     0.00     0.00 -1    -1e-30      0.00 7.092e-01 2.755e-01 2.710e-03 7.399e-04 6.720e-03 -1.000 1.527e-02 -4.377 -1.058 -3.486 -4.396 -4.643 -4.772
0.0152 0.01508 7.60206 7.6901268959 2.6225833893    7.690  3.642  3.6730  1.326    2  0.000  0.538     0.00     0.00     0.00     0.00     0.00 -1    -1e-30      0.00 7.092e-01 2.755e-01 2.710e-03 7.399e-04 6.720e-03 -1.000 1.527e-02 -4.335 -0.891 -3.368 -4.324 -4.583 -4.725
0.0152 0.01508 7.60206 7.6902222633 2.6225836277    7.690  3.617  3.6629  1.311    2  0.000  0.538     0.00     0.00     0.00     0.00     0.00 -1    -1e-30      0.00 7.092e-01 2.755e-01 2.710e-03 7.399e-04 6.720e-03 -1.000 1.527e-02 -4.272 -0.711 -3.223 -4.223 -4.497 -4.654
0.0152 0.01508 7.60206 7.6903300285 2.6225838661    7.690  3.590  3.6545  1.304    2  0.000  0.538     0.00     0.00     0.00     0.00     0.00 -1    -1e-30      0.00 7.092e-01 2.755e-01 2.710e-03 7.399e-04 6.720e-03 -1.000 1.527e-02 -4.205 -0.498 -3.078 -4.116 -4.408 -4.579
0.0152 0.01508 7.60206 7.6904478073 2.6225841045    7.690  3.570  3.6459  1.290    2  0.000  0.538     0.00     0.00     0.00     0.00     0.00 -1    -1e-30      0.00 7.092e-01 2.755e-01 2.710e-03 7.399e-04 6.720e-03 -1.000 1.527e-02 -4.154 -0.228 -2.935 -4.019 -4.333 -4.522
0.0152 0.01508 7.60206 7.6904907227 2.6225841045    7.690  3.567  3.6428  1.281    2  0.000  0.538     0.00     0.00     0.00     0.00     0.00 -1    -1e-30      0.00 7.092e-01 2.755e-01 2.710e-03 7.399e-04 6.720e-03 -1.000 1.527e-02 -4.146 -0.137 -2.892 -3.993 -4.316 -4.511
0.0152 0.01508 7.60206 7.6905732155 2.6225843430    7.690  3.580  3.6362  1.241    3  0.000  0.538     0.00     0.00     0.00     0.00     0.00 -1    -1e-30      0.00 7.092e-01 2.755e-01 2.710e-03 7.400e-04 6.720e-03 -1.000 1.527e-02 -4.180 0.015 -2.847 -3.988 -4.330 -4.539
0.0152 0.01508 7.60206 7.6906628609 2.6225843430    7.690  3.621  3.6282  1.167    3  0.000  0.536     0.00     0.00     0.00     0.00     0.00 -1    -1e-30      0.00 7.092e-01 2.755e-01 2.703e-03 7.415e-04 6.720e-03 -1.000 1.527e-02 -4.283 0.157 -2.848 -4.039 -4.407 -4.635
0.0152 0.01508 7.60206 7.6907258034 2.6225845814    7.690  3.665  3.6220  1.099    3  0.000  0.529     0.00     0.00     0.00     0.00     0.00 -1    -1e-30      0.00 7.092e-01 2.755e-01 2.667e-03 7.568e-04 6.720e-03 -1.000 1.528e-02 -4.392 0.242 -2.874 -4.104 -4.494 -4.736
0.0152 0.01508 7.60206 7.6907749176 2.6225845814    7.690  3.706  3.6171  1.038    3  0.000  0.506     0.00     0.00     0.00     0.00     0.00 -1    -1e-30      0.00 7.091e-01 2.755e-01 2.550e-03 8.561e-04 6.720e-03 -1.000 1.536e-02 -4.495 0.302 -2.907 -4.170 -4.579 -4.834
0.0152 0.01508 7.60206 7.6908187866 2.6225848198    7.690  3.744  3.6127  0.983    3  0.000  0.475     0.00     0.00     0.00     0.00     0.00 -1    -1e-30      0.00 7.091e-01 2.756e-01 2.396e-03 1.030e-03 6.720e-03 -1.000 1.535e-02 -4.590 0.354 -2.937 -4.230 -4.657 -4.923
0.0152 0.01508 7.60206 7.6908292770 2.6225848198    7.690  3.753  3.6117  0.970    3  0.000  0.468     0.00     0.00     0.00     0.00     0.00 -1    -1e-30      0.00 7.091e-01 2.756e-01 2.360e-03 1.074e-03 6.720e-03 -1.000 1.534e-02 -4.612 0.368 -2.944 -4.244 -4.675 -4.945
0.0152 0.01508 7.60206 7.6908645630 2.6225848198    7.690  3.781  3.6088  0.930    3  0.000  0.451     0.00     0.00     0.00     0.00     0.00 -1    -1e-30      0.00 7.091e-01 2.756e-01 2.272e-03 1.181e-03 6.720e-03 -1.000 1.531e-02 -4.682 0.402 -2.968 -4.288 -4.733 -5.011
0.0152 0.01508 7.60206 7.6909031868 2.6225848198    7.690  3.810  3.6058  0.890    3  0.000  0.435     0.00     0.00     0.00     0.00     0.00 -1    -1e-30      0.00 7.091e-01 2.756e-01 2.193e-03 1.278e-03 6.720e-03 -1.000 1.530e-02 -4.754 0.432 -2.992 -4.332 -4.793 -5.080
0.0152 0.01508 7.60206 7.6909151077 2.6225848198    7.690  3.817  3.6051  0.879    3  0.000  0.432     0.00     0.00     0.00     0.00     0.00 -1    -1e-30      0.00 7.090e-01 2.756e-01 2.178e-03 1.298e-03 6.720e-03 -1.000 1.533e-02 -4.773 0.440 -2.999 -4.343 -4.808 -5.098
0.0152 0.01508 7.60206 7.6909708977 2.6225850582    7.690  3.848  3.6021  0.836    3  0.000  0.420     0.00     0.00     0.00     0.00     0.00 -1    -1e-30      0.00 7.090e-01 2.756e-01 2.120e-03 1.369e-03 6.720e-03 -1.000 1.536e-02 -4.849 0.469 -3.025 -4.390 -4.871 -5.170
0.0152 0.01508 7.60206 7.6910777092 2.6225852966    7.691  3.884  3.5985  0.786    3  0.000  0.409     0.00     0.00     0.00     0.00     0.00 -1    -1e-30      0.00 7.090e-01 2.757e-01 2.060e-03 1.446e-03 6.716e-03 -1.000 1.537e-02 -4.939 0.503 -3.054 -4.442 -4.943 -5.255
0.0152 0.01508 7.60206 7.6912980080 2.6225855350    7.691  3.919  3.5949  0.737    3  0.000  0.400     0.00     0.00     0.00     0.00     0.00 -1    -1e-30      0.00 7.084e-01 2.762e-01 2.001e-03 1.559e-03 6.671e-03 -1.000 1.537e-02 -5.027 0.534 -3.078 -4.488 -5.013 -5.338
0.0152 0.01508 7.60206 7.6919293404 2.6225867271    7.691  3.965  3.5902  0.672    3  0.000  0.395     0.00     0.00     0.00     0.00     0.00 -1    -1e-30      0.00 7.051e-01 2.796e-01 1.919e-03 1.823e-03 6.483e-03 -1.000 1.540e-02 -5.142 0.576 -3.110 -4.549 -5.104 -5.447
0.0152 0.01508 7.60206 7.6926779747 2.6225883961    7.692  4.008  3.5860  0.612    3  0.000  0.393     0.00     0.00     0.00     0.00     0.00 -1    -1e-30      0.00 6.993e-01 2.854e-01 1.852e-03 2.088e-03 6.276e-03 -1.000 1.536e-02 -5.251 0.599 -3.137 -4.596 -5.188 -5.550
0.0152 0.01508 7.60206 7.6934661865 2.6225898266    7.693  4.051  3.5821  0.554    3  0.000  0.393     0.00     0.00     0.00     0.00     0.00 -1    -1e-30      0.00 6.922e-01 2.925e-01 1.798e-03 2.309e-03 6.101e-03 -1.000 1.535e-02 -5.356 0.618 -3.165 -4.644 -5.270 -5.650
0.0152 0.01508 7.60206 7.6944828033 2.6225917339    7.694  4.084  3.5791  0.509    3  0.000  0.393     0.00     0.00     0.00     0.00     0.00 -1    -1e-30      0.00 6.869e-01 2.978e-01 1.765e-03 2.445e-03 5.992e-03 -1.000 1.534e-02 -5.439 0.629 -3.185 -4.678 -5.333 -5.728
0.0152 0.01508 7.60206 7.6965694427 2.6225957870    7.696  4.110  3.5767  0.473    3  0.000  0.393     0.00     0.00     0.00     0.00     0.00 -1    -1e-30      0.00 6.832e-01 3.015e-01 1.746e-03 2.526e-03 5.926e-03 -1.000 1.530e-02 -5.505 0.634 -3.196 -4.696 -5.382 -5.791
0.0152 0.01508 7.60206 7.7046184540 2.6226110458    7.704  4.094  3.5785  0.497    4  0.000  0.393     0.00     0.00     0.00     0.00     0.00 -1    -1e-30      0.00 6.832e-01 3.015e-01 1.746e-03 2.526e-03 5.926e-03 -1.000 1.530e-02 -5.466 0.621 -3.200 -4.695 -5.357 -5.754
0.0152 0.01508 7.60206 7.7184491158 2.6226375103    7.718  4.061  3.5822  0.545    4  0.000  0.393     0.00     0.00     0.00     0.00     0.00 -1    -1e-30      0.00 6.833e-01 3.014e-01 1.746e-03 2.526e-03 5.926e-03 -1.000 1.530e-02 -5.383 0.595 -3.193 -4.673 -5.298 -5.677
0.0152 0.01508 7.60206 7.7286677361 2.6226568222    7.728  4.031  3.5855  0.589    4  0.000  0.393     0.00     0.00     0.00     0.00     0.00 -1    -1e-30      0.00 6.833e-01 3.014e-01 1.746e-03 2.526e-03 5.926e-03 -1.000 1.530e-02 -5.307 0.571 -3.180 -4.645 -5.241 -5.605
0.0152 0.01508 7.60206 7.7376861572 2.6226739883    7.737  4.000  3.5887  0.633    4  0.000  0.393     0.00     0.00     0.00     0.00     0.00 -1    -1e-30      0.00 6.833e-01 3.014e-01 1.746e-03 2.526e-03 5.926e-03 -1.000 1.530e-02 -5.231 0.549 -3.167 -4.616 -5.184 -5.534
0.0152 0.01508 7.60206 7.7476353645 2.6226928234    7.747  3.965  3.5925  0.684    4  0.000  0.393     0.00     0.00     0.00     0.00     0.00 -1    -1e-30      0.00 6.833e-01 3.014e-01 1.746e-03 2.526e-03 5.926e-03 -1.000 1.529e-02 -5.142 0.515 -3.148 -4.575 -5.116 -5.450
0.0152 0.01508 7.60206 7.7563724518 2.6227092743    7.756  3.934  3.5959  0.729    4  0.000  0.393     0.00     0.00     0.00     0.00     0.00 -1    -1e-30      0.00 6.833e-01 3.014e-01 1.746e-03 2.526e-03 5.926e-03 -1.000 1.529e-02 -5.065 0.480 -3.131 -4.538 -5.057 -5.378
0.0152 0.01508 7.60206 7.7685112953 2.6227321625    7.768  3.898  3.6001  0.782    4  0.000  0.393     0.00     0.00     0.00     0.00     0.00 -1    -1e-30      0.00 6.833e-01 3.014e-01 1.746e-03 2.525e-03 5.926e-03 -1.000 1.529e-02 -4.976 0.433 -3.116 -4.498 -4.989 -5.295
0.0152 0.01508 7.60206 7.7827625275 2.6227588654    7.783  3.867  3.6044  0.832    4  0.000  0.393     0.00     0.00     0.00     0.00     0.00 -1    -1e-30      0.00 6.833e-01 3.014e-01 1.746e-03 2.525e-03 5.926e-03 -1.000 1.529e-02 -4.897 0.370 -3.106 -4.460 -4.929 -5.221
0.0152 0.01508 7.60206 7.8082160950 2.6228060722    7.808  3.838  3.6105  0.886    4  0.000  0.393     0.00     0.00     0.00     0.00     0.00 -1    -1e-30      0.00 6.833e-01 3.014e-01 1.746e-03 2.525e-03 5.926e-03 -1.000 1.529e-02 -4.826 0.251 -3.130 -4.448 -4.885 -5.158
0.0152 0.01508 7.60206 7.8214492798 2.6228306293    7.822  3.833  3.6134  0.904    4  0.000  0.393     0.00     0.00     0.00     0.00     0.00 -1    -1e-30      0.00 6.833e-01 3.014e-01 1.746e-03 2.525e-03 5.927e-03 -1.000 1.529e-02 -4.813 0.175 -3.159 -4.459 -4.884 -5.149
0.0152 0.01508 7.60206 7.8333144188 2.6228525639    7.834  3.846  3.6173  0.908    5  0.000  0.393     0.00     0.00     0.00     0.00     0.00 -1    -1e-30      0.00 6.834e-01 3.014e-01 1.746e-03 2.524e-03 5.927e-03 -1.000 1.529e-02 -4.844 0.041 -3.244 -4.521 -4.931 -5.186
0.0152 0.01508 7.60206 7.8438186646 2.6228718758    7.844  3.882  3.6256  0.905    5  0.000  0.393     0.00     0.00     0.00     0.00     0.00 -1    -1e-30      0.00 6.834e-01 3.013e-01 1.747e-03 2.524e-03 5.927e-03 -1.000 1.529e-02 -4.935 -0.268 -3.443 -4.675 -5.054 -5.289
0.0152 0.01508 7.60206 7.8470249176 2.6228775978    7.847  3.901  3.6311  0.907    5  0.000  0.393     0.00     0.00     0.00     0.00     0.00 -1    -1e-30      0.00 6.834e-01 3.013e-01 1.747e-03 2.524e-03 5.927e-03 -1.000 1.529e-02 -4.984 -0.468 -3.561 -4.763 -5.122 -5.344
0.0152 0.01508 7.60206 7.8485159874 2.6228804588    7.849  3.922  3.6400  0.923    5  0.000  0.393     0.00     0.00     0.00     0.00     0.00 -1    -1e-30      0.00 6.834e-01 3.013e-01 1.747e-03 2.524e-03 5.927e-03 -1.000 1.529e-02 -5.034 -0.768 -3.719 -4.870 -5.202 -5.405
0.0152 0.01508 7.60206 7.8490076065 2.6228811741    7.849  3.928  3.6431  0.929    5  0.000  0.393     0.00     0.00     0.00     0.00     0.00 -1    -1e-30      0.00 6.834e-01 3.013e-01 1.747e-03 2.524e-03 5.927e-03 -1.000 1.529e-02 -5.051 -0.870 -3.771 -4.905 -5.229 -5.424
0.0152 0.01508 7.60206 7.8492593765 2.6228816509    7.850  3.931  3.6488  0.949    5  0.000  0.393     0.00     0.00     0.00     0.00     0.00 -1    -1e-30      0.00 6.834e-01 3.013e-01 1.747e-03 2.524e-03 5.927e-03 -1.000 1.529e-02 -5.058 -1.040 -3.845 -4.946 -5.253 -5.437
0.0152 0.01508 7.60206 7.8495054245 2.6228821278    7.850  3.934  3.6559  0.974    5  0.000  0.393     0.00     0.00     0.00     0.00     0.00 -1    -1e-30      0.00 6.834e-01 3.013e-01 1.747e-03 2.524e-03 5.927e-03 -1.000 1.528e-02 -5.066 -1.245 -3.931 -4.990 -5.280 -5.449
0.0152 0.01508 7.60206 7.8497061729 2.6228826046    7.850  3.937  3.6618  0.996    5  0.000  0.393     0.00     0.00     0.00     0.00     0.00 -1    -1e-30      0.00 6.834e-01 3.013e-01 1.747e-03 2.524e-03 5.927e-03 -1.000 1.528e-02 -5.071 -1.364 -3.993 -5.023 -5.301 -5.459
0.0152 0.01508 7.60206 7.8498911858 2.6228828430    7.850  3.939  3.6672  1.015    5  0.000  0.393     0.00     0.00     0.00     0.00     0.00 -1    -1e-30      0.00 6.834e-01 3.013e-01 1.747e-03 2.524e-03 5.927e-03 -1.000 1.528e-02 -5.077 -1.440 -4.042 -5.050 -5.319 -5.470
0.0152 0.01508 7.60206 7.8500771523 2.6228833199    7.851  3.941  3.6727  1.035    5  0.000  0.393     0.00     0.00     0.00     0.00     0.00 -1    -1e-30      0.00 6.834e-01 3.013e-01 1.747e-03 2.524e-03 5.927e-03 -1.000 1.528e-02 -5.082 -1.514 -4.091 -5.075 -5.336 -5.479
0.0152 0.01508 7.60206 7.8502697945 2.6228835583    7.851  3.943  3.6787  1.057    5  0.000  0.393     0.00     0.00     0.00     0.00     0.00 -1    -1e-30      0.00 6.834e-01 3.013e-01 1.747e-03 2.524e-03 5.927e-03 -1.000 1.528e-02 -5.087 -1.599 -4.143 -5.099 -5.352 -5.487
0.0152 0.01508 7.60206 7.8504743576 2.6228840351    7.851  3.944  3.6850  1.081    5  0.000  0.393     0.00     0.00     0.00     0.00     0.00 -1    -1e-30      0.00 6.834e-01 3.013e-01 1.747e-03 2.524e-03 5.927e-03 -1.000 1.528e-02 -5.091 -1.686 -4.193 -5.120 -5.367 -5.493
0.0152 0.01508 7.60206 7.8506956100 2.6228842735    7.851  3.946  3.6915  1.105    5  0.000  0.393     0.00     0.00     0.00     0.00     0.00 -1    -1e-30      0.00 6.834e-01 3.013e-01 1.747e-03 2.524e-03 5.927e-03 -1.000 1.528e-02 -5.095 -1.837 -4.253 -5.144 -5.380 -5.496
0.0152 0.01508 7.60206 7.8509402275 2.6228847504    7.851  3.947  3.6979  1.129    5  0.000  0.393     0.00     0.00     0.00     0.00     0.00 -1    -1e-30      0.00 6.834e-01 3.013e-01 1.747e-03 2.524e-03 5.927e-03 -1.000 1.528e-02 -5.098 -1.984 -4.311 -5.166 -5.390 -5.497
0.0152 0.01508 7.60206 7.8512148857 2.6228852272    7.852  3.950  3.7048  1.154    5  0.000  0.393     0.00     0.00     0.00     0.00     0.00 -1    -1e-30      0.00 6.834e-01 3.013e-01 1.747e-03 2.524e-03 5.927e-03 -1.000 1.528e-02 -5.105 -2.139 -4.376 -5.191 -5.402 -5.498
0.0152 0.01508 7.60206 7.8515295982 2.6228859425    7.852  3.953  3.7120  1.180    5  0.000  0.393     0.00     0.00     0.00     0.00     0.00 -1    -1e-30      0.00 6.834e-01 3.013e-01 1.747e-03 2.524e-03 5.927e-03 -1.000 1.528e-02 -5.113 -2.294 -4.442 -5.215 -5.414 -5.499
0.0152 0.01508 7.60206 7.8518972397 2.6228866577    7.852  3.956  3.7194  1.206    5  0.000  0.393     0.00     0.00     0.00     0.00     0.00 -1    -1e-30      0.00 6.834e-01 3.013e-01 1.747e-03 2.524e-03 5.927e-03 -1.000 1.528e-02 -5.121 -2.444 -4.509 -5.239 -5.424 -5.499
0.0152 0.01508 7.60206 7.8523387909 2.6228873730    7.853  3.960  3.7269  1.232    5  0.000  0.393     0.00     0.00     0.00     0.00     0.00 -1    -1e-30      0.00 6.834e-01 3.013e-01 1.747e-03 2.524e-03 5.927e-03 -1.000 1.528e-02 -5.130 -2.592 -4.576 -5.263 -5.433 -5.498
0.0152 0.01508 7.60206 7.8528895378 2.6228883266    7.853  3.965  3.7348  1.259    5  0.000  0.393     0.00     0.00     0.00     0.00     0.00 -1    -1e-30      0.00 6.834e-01 3.013e-01 1.747e-03 2.524e-03 5.927e-03 -1.000 1.528e-02 -5.142 -2.733 -4.644 -5.287 -5.442 -5.498
0.0152 0.01508 7.60206 7.8535981178 2.6228897572    7.854  3.971  3.7431  1.287    5  0.000  0.393     0.00     0.00     0.00     0.00     0.00 -1    -1e-30      0.00 6.834e-01 3.013e-01 1.747e-03 2.524e-03 5.927e-03 -1.000 1.528e-02 -5.157 -2.890 -4.719 -5.312 -5.451 -5.496
0.0152 0.01508 7.60206 7.8545341492 2.6228914261    7.855  3.980  3.7585  1.339    5  0.000  0.393     0.00     0.00     0.00     0.00     0.00 -1    -1e-30      0.00 6.834e-01 3.013e-01 1.747e-03 2.524e-03 5.927e-03 -1.000 1.528e-02 -5.179 -3.162 -4.847 -5.345 -5.453 -5.481
0.0152 0.01508 7.60206 7.8557581902 2.6228935719    7.856  3.990  3.7857  1.438    5  0.000  0.393     0.00     0.00     0.00     0.00     0.00 -1    -1e-30      0.00 6.834e-01 3.013e-01 1.747e-03 2.524e-03 5.927e-03 -1.000 1.528e-02 -5.204 -3.517 -5.045 -5.375 -5.420 -5.421
0.0152 0.01508 7.60206 7.8572721481 2.6228964329    7.858  3.996  3.8156  1.551    5  0.000  0.393     0.00     0.00     0.00     0.00     0.00 -1    -1e-30      0.00 6.834e-01 3.013e-01 1.747e-03 2.524e-03 5.927e-03 -1.000 1.528e-02 -5.221 -3.761 -5.207 -5.376 -5.357 -5.337
0.0152 0.01508 7.60206 7.8590116501 2.6228995323    7.859  4.001  3.8411  1.648    5  0.000  0.393     0.00     0.00     0.00     0.00     0.00 -1    -1e-30      0.00 6.834e-01 3.013e-01 1.747e-03 2.524e-03 5.927e-03 -1.000 1.528e-02 -5.234 -3.907 -5.318 -5.362 -5.291 -5.260
0.0152 0.01508 7.60206 7.8609204292 2.6229031086    7.861  4.006  3.8594  1.717    5  0.000  0.393     0.00     0.00     0.00     0.00     0.00 -1    -1e-30      0.00 6.834e-01 3.013e-01 1.747e-03 2.524e-03 5.927e-03 -1.000 1.528e-02 -5.245 -4.000 -5.383 -5.347 -5.240 -5.202
0.0152 0.01508 7.60206 7.8629832268 2.6229069233    7.864  4.011  3.8742  1.772    5  0.000  0.393     0.00     0.00     0.00     0.00     0.00 -1    -1e-30      0.00 6.834e-01 3.013e-01 1.747e-03 2.524e-03 5.927e-03 -1.000 1.528e-02 -5.256 -4.076 -5.422 -5.333 -5.200 -5.155
0.0152 0.01508 7.60206 7.8651914597 2.6229107380    7.866  4.015  3.8877  1.821    5  0.000  0.393     0.00     0.00     0.00     0.00     0.00 -1    -1e-30      0.00 6.834e-01 3.013e-01 1.747e-03 2.524e-03 5.927e-03 -1.000 1.528e-02 -5.268 -4.144 -5.449 -5.318 -5.164 -5.112
0.0152 0.01508 7.60206 7.8676438332 2.6229152679    7.868  4.020  3.9010  1.870    5  0.000  0.393     0.00     0.00     0.00     0.00     0.00 -1    -1e-30      0.00 6.834e-01 3.013e-01 1.747e-03 2.524e-03 5.927e-03 -1.000 1.528e-02 -5.280 -4.213 -5.464 -5.299 -5.126 -5.068
0.0152 0.01508 7.60206 7.8702878952 2.6229200363    7.871  4.025  3.9134  1.915    5  0.000  0.393     0.00     0.00     0.00     0.00     0.00 -1    -1e-30      0.00 6.834e-01 3.013e-01 1.747e-03 2.524e-03 5.927e-03 -1.000 1.528e-02 -5.292 -4.274 -5.467 -5.275 -5.089 -5.023
0.0152 0.01508 7.60206 7.8729948997 2.6229250431    7.874  4.029  3.9245  1.955    5  0.000  0.393     0.00     0.00     0.00     0.00     0.00 -1    -1e-30      0.00 6.834e-01 3.013e-01 1.747e-03 2.524e-03 5.927e-03 -1.000 1.528e-02 -5.302 -4.326 -5.462 -5.251 -5.053 -4.980
0.0152 0.01508 7.60206 7.8771414757 2.6229326725    7.878  4.034  3.9382  2.005    5  0.000  0.393     0.00     0.00     0.00     0.00     0.00 -1    -1e-30      0.00 6.834e-01 3.013e-01 1.747e-03 2.524e-03 5.927e-03 -1.000 1.528e-02 -5.316 -4.380 -5.445 -5.216 -5.008 -4.926
0.0152 0.01508 7.60206 7.8823056221 2.6229419708    7.883  4.039  3.9485  2.041    5  0.000  0.393     0.00     0.00     0.00     0.00     0.00 -1    -1e-30      0.00 6.834e-01 3.013e-01 1.747e-03 2.524e-03 5.927e-03 -1.000 1.528e-02 -5.328 -4.416 -5.426 -5.188 -4.974 -4.884
0.0152 0.01508 7.60206 7.8893494606 2.6229546070    7.890  4.044  3.9568  2.070    5  0.000  0.393     0.00     0.00     0.00     0.00     0.00 -1    -1e-30      0.00 6.834e-01 3.013e-01 1.747e-03 2.524e-03 5.927e-03 -1.000 1.528e-02 -5.341 -4.444 -5.410 -5.167 -4.949 -4.851
0.0152 0.01508 7.60206 7.8940763474 2.6229631901    7.895  4.046  3.9547  2.060    6  0.000  0.393     0.00     0.00     0.00     0.00     0.00 -1    -1e-30      0.00 6.834e-01 3.013e-01 1.747e-03 2.524e-03 5.927e-03 -1.000 1.528e-02 -5.345 -4.445 -5.421 -5.179 -4.963 -4.866
0.0152 0.01508 7.60206 7.9034895897 2.6229803562    7.904  4.048  3.9461  2.024    6  0.000  0.393     0.00     0.00     0.00     0.00     0.00 -1    -1e-30      0.00 6.834e-01 3.013e-01 1.747e-03 2.523e-03 5.927e-03 -1.000 1.528e-02 -5.350 -4.434 -5.455 -5.220 -5.008 -4.919
0.0152 0.01508 7.60206 7.9106402397 2.6229932308    7.911  4.050  3.9388  1.993    6  0.000  0.393     0.00     0.00     0.00     0.00     0.00 -1    -1e-30      0.00 6.834e-01 3.013e-01 1.747e-03 2.523e-03 5.927e-03 -1.000 1.528e-02 -5.355 -4.422 -5.482 -5.252 -5.044 -4.962
0.0152 0.01508 7.60206 7.9213871956 2.6230125427    7.922  4.053  3.9272  1.945    6  0.000  0.393     0.00     0.00     0.00     0.00     0.00 -1    -1e-30      0.00 6.834e-01 3.013e-01 1.747e-03 2.523e-03 5.927e-03 -1.000 1.528e-02 -5.362 -4.396 -5.516 -5.301 -5.102 -5.027
0.0152 0.01508 7.60206 7.9301843643 2.6230282784    7.931  4.055  3.9163  1.900    6  0.000  0.393     0.00     0.00     0.00     0.00     0.00 -1    -1e-30      0.00 6.834e-01 3.013e-01 1.747e-03 2.523e-03 5.927e-03 -1.000 1.528e-02 -5.366 -4.362 -5.538 -5.341 -5.152 -5.085
0.0152 0.01508 7.60206 7.9362812042 2.6230390072    7.937  4.055  3.9070  1.862    6  0.000  0.393     0.00     0.00     0.00     0.00     0.00 -1    -1e-30      0.00 6.835e-01 3.013e-01 1.747e-03 2.523e-03 5.927e-03 -1.000 1.528e-02 -5.369 -4.329 -5.549 -5.371 -5.191 -5.130
0.0152 0.01508 7.60206 7.9401836395 2.6230459213    7.941  4.056  3.8997  1.833    6  0.000  0.393     0.00     0.00     0.00     0.00     0.00 -1    -1e-30      0.00 6.835e-01 3.013e-01 1.747e-03 2.523e-03 5.927e-03 -1.000 1.528e-02 -5.369 -4.299 -5.554 -5.391 -5.220 -5.163
0.0152 0.01508 7.60206 7.9441838264 2.6230530739    7.945  4.055  3.8910  1.799    6  0.000  0.393     0.00     0.00     0.00     0.00     0.00 -1    -1e-30      0.00 6.835e-01 3.013e-01 1.747e-03 2.523e-03 5.927e-03 -1.000 1.528e-02 -5.369 -4.261 -5.553 -5.412 -5.252 -5.200
0.0152 0.01508 7.60206 7.9473176003 2.6230587959    7.948  4.055  3.8831  1.767    6  0.000  0.393     0.00     0.00     0.00     0.00     0.00 -1    -1e-30      0.00 6.835e-01 3.013e-01 1.747e-03 2.523e-03 5.927e-03 -1.000 1.528e-02 -5.368 -4.226 -5.546 -5.427 -5.279 -5.231
0.0152 0.01508 7.60206 7.9494051933 2.6230623722    7.950  4.055  3.8771  1.744    6  0.000  0.393     0.00     0.00     0.00     0.00     0.00 -1    -1e-30      0.00 6.835e-01 3.013e-01 1.747e-03 2.523e-03 5.927e-03 -1.000 1.528e-02 -5.366 -4.200 -5.538 -5.438 -5.299 -5.254
0.0152 0.01508 7.60206 7.9517583847 2.6230666637    7.953  4.054  3.8692  1.714    6  0.000  0.393     0.00     0.00     0.00     0.00     0.00 -1    -1e-30      0.00 6.835e-01 3.013e-01 1.747e-03 2.523e-03 5.927e-03 -1.000 1.528e-02 -5.364 -4.163 -5.524 -5.450 -5.325 -5.284
0.0152 0.01508 7.60206 7.9535984993 2.6230700016    7.955  4.053  3.8624  1.687    6  0.000  0.393     0.00     0.00     0.00     0.00     0.00 -1    -1e-30      0.00 6.835e-01 3.013e-01 1.747e-03 2.523e-03 5.927e-03 -1.000 1.528e-02 -5.362 -4.131 -5.509 -5.460 -5.346 -5.308
0.0152 0.01508 7.60206 7.9552555084 2.6230728626    7.956  4.052  3.8554  1.660    6  0.000  0.393     0.00     0.00     0.00     0.00     0.00 -1    -1e-30      0.00 6.835e-01 3.013e-01 1.747e-03 2.523e-03 5.927e-03 -1.000 1.527e-02 -5.360 -4.097 -5.489 -5.468 -5.368 -5.333
0.0152 0.01508 7.60206 7.9566998482 2.6230754852    7.958  4.051  3.8486  1.634    6  0.000  0.393     0.00     0.00     0.00     0.00     0.00 -1    -1e-30      0.00 6.835e-01 3.013e-01 1.747e-03 2.523e-03 5.927e-03 -1.000 1.527e-02 -5.357 -4.064 -5.467 -5.475 -5.389 -5.356
0.0152 0.01508 7.60206 7.9579567909 2.6230776310    7.959  4.050  3.8420  1.609    6  0.000  0.393     0.00     0.00     0.00     0.00     0.00 -1    -1e-30      0.00 6.835e-01 3.013e-01 1.747e-03 2.523e-03 5.927e-03 -1.000 1.527e-02 -5.355 -4.030 -5.444 -5.482 -5.408 -5.378
0.0152 0.01508 7.60206 7.9590945244 2.6230797768    7.960  4.057  3.8375  1.584    6  0.000  0.393     0.00     0.00     0.00     0.00     0.00 -1    -1e-30      0.00 6.835e-01 3.013e-01 1.747e-03 2.523e-03 5.927e-03 -1.000 1.527e-02 -5.372 -4.026 -5.447 -5.505 -5.440 -5.413
0.0152 0.01508 7.60206 7.9593834877 2.6230802536    7.961  4.069  3.8412  1.587    6  0.000  0.393     0.00     0.00     0.00     0.00     0.00 -1    -1e-30      0.00 6.835e-01 3.013e-01 1.747e-03 2.523e-03 5.927e-03 -1.000 1.527e-02 -5.402 -4.073 -5.490 -5.530 -5.458 -5.429
0.0152 0.01508 7.60206 7.9594860077 2.6230802536    7.961  4.073  3.8452  1.599    6  0.000  0.393     0.00     0.00     0.00     0.00     0.00 -1    -1e-30      0.00 6.835e-01 3.013e-01 1.747e-03 2.523e-03 5.927e-03 -1.000 1.527e-02 -5.412 -4.102 -5.513 -5.535 -5.454 -5.424
0.0152 0.01508 7.60206 7.9595813751 2.6230804920    7.961  4.075  3.8503  1.617    6  0.000  0.393     0.00     0.00     0.00     0.00     0.00 -1    -1e-30      0.00 6.835e-01 3.013e-01 1.747e-03 2.523e-03 5.927e-03 -1.000 1.527e-02 -5.418 -4.132 -5.535 -5.534 -5.443 -5.411
0.0152 0.01508 7.60206 7.9596619606 2.6230807304    7.961  4.076  3.8552  1.635    6  0.000  0.393     0.00     0.00     0.00     0.00     0.00 -1    -1e-30      0.00 6.835e-01 3.013e-01 1.747e-03 2.523e-03 5.927e-03 -1.000 1.527e-02 -5.421 -4.157 -5.551 -5.530 -5.430 -5.395
0.0152 0.01508 7.60206 7.9597382545 2.6230807304    7.961  4.077  3.8600  1.654    6  0.000  0.393     0.00     0.00     0.00     0.00     0.00 -1    -1e-30      0.00 6.835e-01 3.013e-01 1.747e-03 2.523e-03 5.927e-03 -1.000 1.527e-02 -5.422 -4.180 -5.565 -5.523 -5.414 -5.378
0.0152 0.01508 7.60206 7.9598145485 2.6230809689    7.961  4.076  3.8647  1.673    6  0.000  0.393     0.00     0.00     0.00     0.00     0.00 -1    -1e-30      0.00 6.835e-01 3.013e-01 1.747e-03 2.523e-03 5.927e-03 -1.000 1.527e-02 -5.421 -4.200 -5.573 -5.514 -5.397 -5.358
0.0152 0.01508 7.60206 7.9598951340 2.6230809689    7.961  4.075  3.8693  1.693    6  0.000  0.393     0.00     0.00     0.00     0.00     0.00 -1    -1e-30      0.00 6.835e-01 3.013e-01 1.747e-03 2.523e-03 5.927e-03 -1.000 1.527e-02 -5.419 -4.218 -5.580 -5.504 -5.378 -5.338
0.0152 0.01508 7.60206 7.9599847794 2.6230812073    7.961  4.074  3.8739  1.713    6  0.000  0.393     0.00     0.00     0.00     0.00     0.00 -1    -1e-30      0.00 6.835e-01 3.013e-01 1.747e-03 2.523e-03 5.927e-03 -1.000 1.527e-02 -5.415 -4.235 -5.583 -5.492 -5.358 -5.316
0.0152 0.01508 7.60206 7.9600896835 2.6230814457    7.961  4.072  3.8784  1.733    6  0.000  0.393     0.00     0.00     0.00     0.00     0.00 -1    -1e-30      0.00 6.835e-01 3.013e-01 1.747e-03 2.523e-03 5.927e-03 -1.000 1.527e-02 -5.410 -4.249 -5.583 -5.478 -5.337 -5.293
0.0152 0.01508 7.60206 7.9602713585 2.6230816841    7.961  4.068  3.8837  1.758    6  0.000  0.393     0.00     0.00     0.00     0.00     0.00 -1    -1e-30      0.00 6.835e-01 3.013e-01 1.747e-03 2.523e-03 5.927e-03 -1.000 1.527e-02 -5.400 -4.262 -5.579 -5.458 -5.309 -5.262
0.0152 0.01508 7.60206 7.9610042572 2.6230831146    7.962  4.061  3.8856  1.772    6  0.000  0.393     0.00     0.00     0.00     0.00     0.00 -1    -1e-30      0.00 6.835e-01 3.013e-01 1.747e-03 2.523e-03 5.927e-03 -1.000 1.527e-02 -5.383 -4.253 -5.564 -5.438 -5.286 -5.237
0.0152 0.01508 7.60206 7.9629135132 2.6230864525    7.964  4.061  3.8774  1.739    6  0.000  0.393     0.00     0.00     0.00     0.00     0.00 -1    -1e-30      0.00 6.835e-01 3.012e-01 1.747e-03 2.523e-03 5.927e-03 -1.000 1.527e-02 -5.383 -4.217 -5.555 -5.454 -5.314 -5.270
0.0152 0.01508 7.60206 7.9666943550 2.6230931282    7.968  4.060  3.8657  1.694    6  0.000  0.393     0.00     0.00     0.00     0.00     0.00 -1    -1e-30      0.00 6.835e-01 3.012e-01 1.747e-03 2.523e-03 5.927e-03 -1.000 1.527e-02 -5.381 -4.164 -5.534 -5.473 -5.353 -5.314
0.0152 0.01508 7.60206 7.9702601433 2.6230993271    7.971  4.059  3.8534  1.646    6  0.000  0.393     0.00     0.00     0.00     0.00     0.00 -1    -1e-30      0.00 6.835e-01 3.012e-01 1.747e-03 2.522e-03 5.927e-03 -1.000 1.527e-02 -5.378 -4.106 -5.502 -5.489 -5.393 -5.358
0.0152 0.01508 7.60206 7.9733247757 2.6231048107    7.975  4.058  3.8410  1.598    6  0.000  0.393     0.00     0.00     0.00     0.00     0.00 -1    -1e-30      0.00 6.835e-01 3.012e-01 1.747e-03 2.522e-03 5.927e-03 -1.000 1.527e-02 -5.374 -4.044 -5.461 -5.502 -5.431 -5.401
0.0152 0.01508 7.60206 7.9757423401 2.6231091022    7.977  4.056  3.8296  1.554    6  0.000  0.393     0.00     0.00     0.00     0.00     0.00 -1    -1e-30      0.00 6.835e-01 3.012e-01 1.747e-03 2.522e-03 5.927e-03 -1.000 1.527e-02 -5.370 -3.984 -5.416 -5.513 -5.464 -5.440
0.0152 0.01508 7.60206 7.9774379730 2.6231122017    7.979  4.055  3.8206  1.520    6  0.000  0.393     0.00     0.00     0.00     0.00     0.00 -1    -1e-30      0.00 6.835e-01 3.012e-01 1.747e-03 2.522e-03 5.927e-03 -1.000 1.527e-02 -5.366 -3.931 -5.377 -5.518 -5.488 -5.467
0.0152 0.01508 7.60206 7.9793438911 2.6231155396    7.981  4.053  3.8091  1.476    6  0.000  0.393     0.00     0.00     0.00     0.00     0.00 -1    -1e-30      0.00 6.835e-01 3.012e-01 1.747e-03 2.522e-03 5.927e-03 -1.000 1.527e-02 -5.361 -3.854 -5.323 -5.523 -5.517 -5.502
0.0152 0.01508 7.60206 7.9809947014 2.6231184006    7.982  4.050  3.7977  1.433    6  0.000  0.393     0.00     0.00     0.00     0.00     0.00 -1    -1e-30      0.00 6.835e-01 3.012e-01 1.748e-03 2.522e-03 5.927e-03 -1.000 1.527e-02 -5.356 -3.772 -5.263 -5.523 -5.541 -5.534
0.0152 0.01508 7.60206 7.9822726250 2.6231205463    7.984  4.048  3.7880  1.396    6  0.000  0.393     0.00     0.00     0.00     0.00     0.00 -1    -1e-30      0.00 6.835e-01 3.012e-01 1.748e-03 2.522e-03 5.927e-03 -1.000 1.527e-02 -5.351 -3.683 -5.207 -5.522 -5.562 -5.561
0.0152 0.01508 7.60206 7.9834260941 2.6231226921    7.985  4.046  3.7780  1.358    6  0.000  0.393     0.00     0.00     0.00     0.00     0.00 -1    -1e-30      0.00 6.835e-01 3.012e-01 1.748e-03 2.522e-03 5.927e-03 -1.000 1.527e-02 -5.346 -3.566 -5.143 -5.521 -5.583 -5.590
0.0152 0.01508 7.60206 7.9844260216 2.6231243610    7.986  4.044  3.7681  1.321    6  0.000  0.393     0.00     0.00     0.00     0.00     0.00 -1    -1e-30      0.00 6.835e-01 3.012e-01 1.748e-03 2.522e-03 5.927e-03 -1.000 1.527e-02 -5.341 -3.439 -5.070 -5.512 -5.599 -5.618
0.0152 0.01508 7.60206 7.9853000641 2.6231260300    7.987  4.042  3.7587  1.285    6  0.000  0.393     0.00     0.00     0.00     0.00     0.00 -1    -1e-30      0.00 6.835e-01 3.012e-01 1.748e-03 2.522e-03 5.927e-03 -1.000 1.527e-02 -5.335 -3.315 -5.006 -5.503 -5.610 -5.638
0.0152 0.01508 7.60206 7.9860630035 2.6231272221    7.987  4.040  3.7494  1.250    6  0.000  0.393     0.00     0.00     0.00     0.00     0.00 -1    -1e-30      0.00 6.835e-01 3.012e-01 1.748e-03 2.522e-03 5.927e-03 -1.000 1.527e-02 -5.330 -3.179 -4.941 -5.491 -5.616 -5.654
0.0152 0.01508 7.60206 7.9868893623 2.6231286526    7.988  4.037  3.7382  1.208    6  0.000  0.393     0.00     0.00     0.00     0.00     0.00 -1    -1e-30      0.00 6.835e-01 3.012e-01 1.748e-03 2.522e-03 5.927e-03 -1.000 1.527e-02 -5.322 -2.944 -4.846 -5.474 -5.623 -5.675
0.0152 0.01508 7.60206 7.9874658585 2.6231298447    7.989  4.035  3.7294  1.176    6  0.000  0.393     0.00     0.00     0.00     0.00     0.00 -1    -1e-30      0.00 6.835e-01 3.012e-01 1.748e-03 2.522e-03 5.927e-03 -1.000 1.527e-02 -5.316 -2.801 -4.778 -5.455 -5.621 -5.683
0.0152 0.01508 7.60206 7.9879846573 2.6231307983    7.989  4.032  3.7210  1.145    6  0.000  0.393     0.00     0.00     0.00     0.00     0.00 -1    -1e-30      0.00 6.835e-01 3.012e-01 1.748e-03 2.522e-03 5.927e-03 -1.000 1.527e-02 -5.310 -2.641 -4.707 -5.433 -5.615 -5.689
0.0152 0.01508 7.60206 7.9884743690 2.6231315136    7.990  4.029  3.7125  1.113    6  0.000  0.393     0.00     0.00     0.00     0.00     0.00 -1    -1e-30      0.00 6.835e-01 3.012e-01 1.748e-03 2.522e-03 5.927e-03 -1.000 1.527e-02 -5.303 -2.466 -4.631 -5.408 -5.606 -5.691
0.0152 0.01508 7.60206 7.9889683723 2.6231324673    7.990  4.025  3.7039  1.083    6  0.000  0.393     0.00     0.00     0.00     0.00     0.00 -1    -1e-30      0.00 6.835e-01 3.012e-01 1.748e-03 2.522e-03 5.927e-03 -1.000 1.527e-02 -5.294 -2.280 -4.552 -5.378 -5.592 -5.690
0.0152 0.01508 7.60206 7.9894990921 2.6231334209    7.991  4.020  3.6947  1.051    6  0.000  0.393     0.00     0.00     0.00     0.00     0.00 -1    -1e-30      0.00 6.835e-01 3.012e-01 1.748e-03 2.522e-03 5.927e-03 -1.000 1.527e-02 -5.280 -2.067 -4.460 -5.340 -5.571 -5.682
0.0152 0.01508 7.60206 7.9901871681 2.6231346130    7.992  4.012  3.6847  1.019    6  0.000  0.393     0.00     0.00     0.00     0.00     0.00 -1    -1e-30      0.00 6.835e-01 3.012e-01 1.748e-03 2.522e-03 5.927e-03 -1.000 1.527e-02 -5.260 -1.827 -4.356 -5.290 -5.537 -5.665
0.0152 0.01508 7.60206 7.9910788536 2.6231360435    7.992  3.998  3.6722  0.983    6  0.000  0.393     0.00     0.00     0.00     0.00     0.00 -1    -1e-30      0.00 6.835e-01 3.012e-01 1.748e-03 2.522e-03 5.927e-03 -1.000 1.527e-02 -5.225 -1.633 -4.227 -5.217 -5.479 -5.623
0.0152 0.01508 7.60206 7.9919009209 2.6231374741    7.993  3.983  3.6597  0.949    6  0.000  0.393     0.00     0.00     0.00     0.00     0.00 -1    -1e-30      0.00 6.835e-01 3.012e-01 1.748e-03 2.522e-03 5.927e-03 -1.000 1.527e-02 -5.187 -1.427 -4.085 -5.130 -5.412 -5.574
0.0152 0.01508 7.60206 7.9937186241 2.6231408119    7.995  3.971  3.6337  0.857    6  0.000  0.393     0.00     0.00     0.00     0.00     0.00 -1    -1e-30      0.00 6.835e-01 3.012e-01 1.748e-03 2.522e-03 5.927e-03 -1.000 1.527e-02 -5.157 -0.680 -3.760 -4.953 -5.305 -5.522
0.0152 0.01508 7.60206 8.0000000000 2.6231517792    8.001  3.967  3.6163  0.792    6  0.000  0.393     0.00     0.00     0.00     0.00     0.00 -1    -1e-30      0.00 6.835e-01 3.012e-01 1.748e-03 2.522e-03 5.927e-03 -1.000 1.527e-02 -5.146 -0.151 -3.518 -4.816 -5.231 -5.489
0.0152 0.01508 7.60206 8.0057439804 2.6231617928    8.007  3.963  3.6009  0.734    6  0.000  0.393     0.00     0.00     0.00     0.00     0.00 -1    -1e-30      0.00 6.835e-01 3.012e-01 1.748e-03 2.522e-03 5.927e-03 -1.000 1.527e-02 -5.137 0.288 -3.283 -4.667 -5.155 -5.458
0.0152 0.01508 7.60206 8.0088901520 2.6231672764    8.010  3.999  3.5951  0.675    6  0.000  0.393     0.00     0.00     0.00     0.00     0.00 -1    -1e-30      0.00 6.835e-01 3.012e-01 1.748e-03 2.522e-03 5.927e-03 -1.000 1.527e-02 -5.227 0.378 -3.273 -4.690 -5.215 -5.539
0.0152 0.01508 7.60206 8.0092630386 2.6231679916    8.010  4.011  3.5934  0.656    6  0.000  0.393     0.00     0.00     0.00     0.00     0.00 -1    -1e-30      0.00 6.835e-01 3.012e-01 1.748e-03 2.522e-03 5.927e-03 -1.000 1.527e-02 -5.258 0.400 -3.275 -4.702 -5.237 -5.568
0.0152 0.01508 7.60206 8.0093755722 2.6231682301    8.010  4.019  3.5925  0.644    7  0.000  0.393     0.00     0.00     0.00     0.00     0.00 -1    -1e-30      0.00 6.835e-01 3.012e-01 1.748e-03 2.522e-03 5.927e-03 -1.000 1.527e-02 -5.278 0.412 -3.278 -4.711 -5.252 -5.587
0.0152 0.01508 7.60206 8.0105199814 2.6231701374    8.012  4.034  3.5908  0.623    7  0.000  0.393     0.00     0.00     0.00     0.00     0.00 -1    -1e-30      0.00 6.835e-01 3.012e-01 1.748e-03 2.522e-03 5.927e-03 -1.000 1.527e-02 -5.315 0.430 -3.285 -4.728 -5.281 -5.621
0.0152 0.01508 7.60206 8.0112380981 2.6231715679    8.012  4.065  3.5871  0.577    7  0.000  0.393     0.00     0.00     0.00     0.00     0.00 -1    -1e-30      0.00 6.835e-01 3.012e-01 1.748e-03 2.522e-03 5.927e-03 -1.000 1.527e-02 -5.392 0.464 -3.292 -4.754 -5.336 -5.693
0.0152 0.01508 7.60206 8.0116539001 2.6231722832    8.013  4.088  3.5846  0.545    7  0.000  0.393     0.00     0.00     0.00     0.00     0.00 -1    -1e-30      0.00 6.835e-01 3.012e-01 1.748e-03 2.522e-03 5.927e-03 -1.000 1.527e-02 -5.449 0.482 -3.301 -4.775 -5.379 -5.747
0.0152 0.01508 7.60206 8.0123004913 2.6231732368    8.013  4.115  3.5817  0.505    7  0.000  0.393     0.00     0.00     0.00     0.00     0.00 -1    -1e-30      0.00 6.835e-01 3.012e-01 1.747e-03 2.523e-03 5.927e-03 -1.000 1.527e-02 -5.518 0.502 -3.314 -4.802 -5.431 -5.812
0.0152 0.01508 7.60206 8.0131378174 2.6231746674    8.014  4.144  3.5787  0.465    7  0.000  0.392     0.00     0.00     0.00     0.00     0.00 -1    -1e-30      0.00 6.835e-01 3.012e-01 1.742e-03 2.527e-03 5.927e-03 -1.000 1.527e-02 -5.589 0.523 -3.320 -4.821 -5.482 -5.879
0.0152 0.01508 7.60206 8.0139484406 2.6231760979    8.015  4.167  3.5762  0.432    7  0.000  0.389     0.00     0.00     0.00     0.00     0.00 -1    -1e-30      0.00 6.835e-01 3.012e-01 1.733e-03 2.538e-03 5.927e-03 -1.000 1.527e-02 -5.648 0.536 -3.321 -4.829 -5.522 -5.934
0.0152 0.01508 7.60206 8.0149984360 2.6231780052    8.016  4.198  3.5729  0.387    7  0.000  0.387     0.00     0.00     0.00     0.00     0.00 -1    -1e-30      0.00 6.835e-01 3.012e-01 1.725e-03 2.548e-03 5.927e-03 -1.000 1.527e-02 -5.726 0.553 -3.321 -4.840 -5.575 -6.007
0.0152 0.01508 7.60206 8.0161981583 2.6231801510    8.017  4.240  3.5685  0.328    7  0.000  0.386     0.00     0.00     0.00     0.00     0.00 -1    -1e-30      0.00 6.835e-01 3.012e-01 1.719e-03 2.556e-03 5.927e-03 -1.000 1.533e-02 -5.830 0.572 -3.315 -4.845 -5.644 -6.104
0.0152 0.01508 7.60206 8.0174026489 2.6231822968    8.019  4.279  3.5644  0.273    7  0.000  0.385     0.00     0.00     0.00     0.00     0.00 -1    -1e-30      0.00 6.835e-01 3.012e-01 1.712e-03 2.564e-03 5.925e-03 -1.000 1.533e-02 -5.927 0.581 -3.300 -4.832 -5.704 -6.192
0.0152 0.01508 7.60206 8.0185222626 2.6231842041    8.020  4.312  3.5606  0.224    7  0.000  0.383     0.00     0.00     0.00     0.00     0.00 -1    -1e-30      0.00 6.834e-01 3.013e-01 1.703e-03 2.580e-03 5.919e-03 -1.000 1.535e-02 -6.011 0.591 -3.284 -4.819 -5.755 -6.270
0.0152 0.01508 7.60206 8.0195446014 2.6231858730    8.021  4.345  3.5570  0.177    7  0.000  0.382     0.00     0.00     0.00     0.00     0.00 -1    -1e-30      0.00 6.826e-01 3.020e-01 1.693e-03 2.609e-03 5.900e-03 -1.000 1.537e-02 -6.093 0.599 -3.251 -4.780 -5.796 -6.342
0.0152 0.01508 7.60206 8.0210638046 2.6231884956    8.022  4.381  3.5534  0.127    7  0.000  0.381     0.00     0.00     0.00     0.00     0.00 -1    -1e-30      0.00 6.775e-01 3.071e-01 1.677e-03 2.663e-03 5.860e-03 -1.000 1.537e-02 -6.182 0.600 -3.223 -4.746 -5.843 -6.420
0.0152 0.01508 7.60206 8.0254507065 2.6231961250    8.026  4.435  3.5481  0.052    7  0.000  0.380     0.00     0.00     0.00     0.00     0.00 -1    -1e-30      0.00 6.654e-01 3.193e-01 1.644e-03 2.787e-03 5.767e-03 -1.000 1.531e-02 -6.318 0.597 -3.172 -4.682 -5.912 -6.537
0.0152 0.01508 7.60206 8.0323781967 2.6232082844    8.033  4.508  3.5399 -0.054    7  0.000  0.379     0.00     0.00     0.00     0.00     0.00 -1    -1e-30      0.00 6.641e-01 3.206e-01 1.632e-03 2.822e-03 5.744e-03 -1.000 1.537e-02 -6.500 0.604 -3.030 -4.512 -5.971 -6.681
0.0152 0.01508 7.60206 8.0415773392 2.6232242584    8.042  4.521  3.5387 -0.071    7  0.000  0.379     0.00     0.00     0.00     0.00     0.00 -1    -1e-30      0.00 6.582e-01 3.264e-01 1.616e-03 2.894e-03 5.685e-03 -1.000 1.537e-02 -6.533 0.599 -3.008 -4.488 -5.982 -6.705
0.0152 0.01508 7.60206 8.0430517197 2.6232268810    8.044  4.504  3.5409 -0.045    7  0.000  0.379     0.00     0.00     0.00     0.00     0.00 -1    -1e-30      0.00 6.572e-01 3.275e-01 1.613e-03 2.907e-03 5.674e-03 -1.000 1.537e-02 -6.490 0.594 -3.061 -4.548 -5.977 -6.676
0.0152 0.01508 7.60206 8.0441055298 2.6232285500    8.045  4.482  3.5435 -0.013    7  0.000  0.379     0.00     0.00     0.00     0.00     0.00 -1    -1e-30      0.00 6.564e-01 3.282e-01 1.611e-03 2.915e-03 5.667e-03 -1.000 1.537e-02 -6.435 0.591 -3.108 -4.603 -5.960 -6.633
0.0152 0.01508 7.60206 8.0448780060 2.6232299805    8.046  4.461  3.5459  0.019    7  0.000  0.379     0.00     0.00     0.00     0.00     0.00 -1    -1e-30      0.00 6.559e-01 3.287e-01 1.610e-03 2.920e-03 5.663e-03 -1.000 1.537e-02 -6.382 0.588 -3.150 -4.654 -5.943 -6.591
0.0152 0.01508 7.60206 8.0464496613 2.6232326031    8.047  4.461  3.5459  0.019    7  0.000  0.379     0.00     0.00     0.00     0.00     0.00 -1    -1e-30      0.00 6.558e-01 3.288e-01 1.609e-03 2.922e-03 5.662e-03 -1.000 1.537e-02 -6.382 0.587 -3.151 -4.655 -5.944 -6.591
0.0152 0.01508 7.60206 8.0482292175 2.6232357025    8.049  4.485  3.5432 -0.016    7  0.000  0.379     0.00     0.00     0.00     0.00     0.00 -1    -1e-30      0.00 6.557e-01 3.289e-01 1.609e-03 2.923e-03 5.661e-03 -1.000 1.537e-02 -6.443 0.589 -3.106 -4.600 -5.964 -6.639
0.0152 0.01508 7.60206 8.0550241470 2.6232473850    8.056  4.513  3.5402 -0.057    7  0.000  0.379     0.00     0.00     0.00     0.00     0.00 -1    -1e-30      0.00 6.552e-01 3.295e-01 1.608e-03 2.930e-03 5.656e-03 -1.000 1.537e-02 -6.514 0.589 -3.055 -4.540 -5.990 -6.696
0.0152 0.01508 7.60206 8.0563955307 2.6232497692    8.057  4.521  3.5395 -0.067    7  0.000  0.379     0.00     0.00     0.00     0.00     0.00 -1    -1e-30      0.00 6.551e-01 3.296e-01 1.607e-03 2.931e-03 5.655e-03 -1.000 1.537e-02 -6.532 0.587 -3.041 -4.524 -5.995 -6.710
0.0152 0.01508 7.60206 8.0619211197 2.6232593060    8.063  4.520  3.5397 -0.065    7  0.000  0.379     0.00     0.00     0.00     0.00     0.00 -1    -1e-30      0.00 6.547e-01 3.300e-01 1.606e-03 2.936e-03 5.651e-03 -1.000 1.536e-02 -6.530 0.586 -3.047 -4.531 -5.997 -6.709
0.0152 0.01508 7.60206 8.0645675659 2.6232638359    8.065  4.538  3.5376 -0.091    7  0.000  0.379     0.00     0.00     0.00     0.00     0.00 -1    -1e-30      0.00 6.545e-01 3.301e-01 1.606e-03 2.938e-03 5.649e-03 -1.000 1.536e-02 -6.575 0.587 -2.995 -4.473 -6.002 -6.739
0.0152 0.01508 7.60206 8.0807390213 2.6232917309    8.081  4.541  3.5379 -0.092    7  0.000  0.379     0.00     0.00     0.00     0.00     0.00 -1    -1e-30      0.00 6.539e-01 3.307e-01 1.604e-03 2.945e-03 5.643e-03 -1.000 1.536e-02 -6.582 0.578 -3.013 -4.492 -6.014 -6.748
0.0152 0.01508 7.60206 8.1126365662 2.6233460903    8.113  4.529  3.5402 -0.069    7  0.000  0.379     0.00     0.00     0.00     0.00     0.00 -1    -1e-30      0.00 6.545e-01 3.302e-01 1.605e-03 2.940e-03 5.647e-03 -1.000 1.536e-02 -6.553 0.559 -3.093 -4.581 -6.030 -6.737