# Zini     MH   logAge Mini        int_IMF         Mass   logL    logTe  logg  label   McoreTP C_O  period0  period1  period2  period3  period4  pmode  Mloss  tau1m   X   Y   Xc  Xn  Xo  Cexcess  Z 	 mbolmag  umag    gmag    rmag    imag    zmag
0.0152 0.01508 7.30103 0.0900000036 1.0816895962    0.090 -2.268  3.4016  4.219    0  0.000  0.545     0.00     0.00     0.00     0.00     0.00 -1 -1.78e-15      0.00 7.092e-01 2.755e-01 2.746e-03 7.408e-04 6.719e-03 -1.000 1.527e-02 10.441 19.015 15.685 14.260 11.930 10.496
0.0152 0.01508 7.30103 0.0983082131 1.1568169594    0.098 -2.212  3.4077  4.225    0  0.000  0.545     0.00     0.00     0.00     0.00     0.00 -1 -1.92e-15      0.00 7.092e-01 2.755e-01 2.746e-03 7.408e-04 6.719e-03 -1.000 1.527e-02 10.300 18.884 15.547 14.121 11.789 10.355
0.0152 0.01508 7.30103 0.1000000015 1.1711064577    0.100 -2.200  3.4090  4.226    0  0.000  0.545     0.00     0.00     0.00     0.00     0.00 -1 -1.95e-15      0.00 7.092e-01 2.755e-01 2.746e-03 7.408e-04 6.719e-03 -1.000 1.527e-02 10.271 18.856 15.518 14.092 11.760 10.326
0.0152 0.01508 7.30103 0.1173424125 1.3015439510    0.117 -2.096  3.4200  4.236    0  0.000  0.545     0.00     0.00     0.00     0.00     0.00 -1 -2.27e-15      0.00 7.092e-01 2.755e-01 2.746e-03 7.408e-04 6.719e-03 -1.000 1.527e-02 10.011 18.503 15.184 13.758 11.455 10.049
0.0152 0.01508 7.30103 0.1200000122 1.3193155527    0.120 -2.081  3.4216  4.237    0  0.000  0.545     0.00     0.00     0.00     0.00     0.00 -1 -2.32e-15      0.00 7.092e-01 2.755e-01 2.746e-03 7.408e-04 6.719e-03 -1.000 1.527e-02 9.973 18.398 15.097 13.672 11.389 10.000
0.0152 0.01508 7.30103 0.1400000006 1.4384527206    0.140 -1.980  3.4326  4.246    0  0.000  0.545     0.00     0.00     0.00     0.00     0.00 -1 -2.69e-15      0.00 7.092e-01 2.755e-01 2.746e-03 7.408e-04 6.719e-03 -1.000 1.527e-02 9.719 17.690 14.509 13.094 10.941 9.670
0.0152 0.01508 7.30103 0.1469914615 1.4749840498    0.147 -1.948  3.4362  4.250    0  0.000  0.545     0.00     0.00     0.00     0.00     0.00 -1 -2.81e-15      0.00 7.092e-01 2.755e-01 2.746e-03 7.408e-04 6.719e-03 -1.000 1.527e-02 9.640 17.475 14.327 12.921 10.805 9.568
0.0152 0.01508 7.30103 0.1756014079 1.6038603783    0.176 -1.831  3.4492  4.262    0  0.000  0.545     0.00     0.00     0.00     0.00     0.00 -1 -3.31e-15      0.00 7.092e-01 2.755e-01 2.746e-03 7.408e-04 6.719e-03 -1.000 1.527e-02 9.348 16.714 13.683 12.304 10.324 9.199
0.0152 0.01508 7.30103 0.1893748939 1.6565356255    0.189 -1.782  3.4546  4.268    0  0.000  0.545     0.00     0.00     0.00     0.00     0.00 -1 -3.53e-15      0.00 7.092e-01 2.755e-01 2.746e-03 7.408e-04 6.719e-03 -1.000 1.527e-02 9.225 16.413 13.421 12.044 10.129 9.047
0.0152 0.01508 7.30103 0.1970079243 1.6836286783    0.197 -1.757  3.4574  4.271    0  0.000  0.545     0.00     0.00     0.00     0.00     0.00 -1 -3.64e-15      0.00 7.092e-01 2.755e-01 2.746e-03 7.408e-04 6.719e-03 -1.000 1.527e-02 9.163 16.258 13.285 11.909 10.029 8.971
0.0152 0.01508 7.30103 0.2068447471 1.7165966034    0.207 -1.725  3.4608  4.274    0  0.000  0.545     0.00     0.00     0.00     0.00     0.00 -1 -3.84e-15      0.00 7.092e-01 2.755e-01 2.746e-03 7.408e-04 6.719e-03 -1.000 1.527e-02 9.083 16.069 13.120 11.744 9.905 8.873
0.0152 0.01508 7.30103 0.2250203043 1.7724587917    0.225 -1.671  3.4666  4.279    0  0.000  0.545     0.00     0.00     0.00     0.00     0.00 -1 -4.15e-15      0.00 7.092e-01 2.755e-01 2.746e-03 7.408e-04 6.719e-03 -1.000 1.527e-02 8.946 15.765 12.850 11.483 9.703 8.711
0.0152 0.01508 7.30103 0.2448428124 1.8270572424    0.245 -1.616  3.4724  4.285    0  0.000  0.545     0.00     0.00     0.00     0.00     0.00 -1 -4.49e-15      0.00 7.092e-01 2.755e-01 2.746e-03 7.408e-04 6.719e-03 -1.000 1.527e-02 8.810 15.463 12.581 11.220 9.503 8.550
0.0152 0.01508 7.30103 0.2640507817 1.8747413158    0.264 -1.568  3.4777  4.290    0  0.000  0.545     0.00     0.00     0.00     0.00     0.00 -1 -4.79e-15      0.00 7.092e-01 2.755e-01 2.746e-03 7.408e-04 6.719e-03 -1.000 1.527e-02 8.690 15.203 12.346 10.989 9.328 8.410
0.0152 0.01508 7.30103 0.2925800979 1.9378111362    0.292 -1.501  3.4850  4.298    0  0.000  0.545     0.00     0.00     0.00     0.00     0.00 -1 -5.26e-15      0.00 7.092e-01 2.755e-01 2.746e-03 7.408e-04 6.719e-03 -1.000 1.527e-02 8.524 14.857 12.024 10.663 9.088 8.219
0.0152 0.01508 7.30103 0.3000000119 1.9529139996    0.300 -1.485  3.4868  4.300    0  0.000  0.545     0.00     0.00     0.00     0.00     0.00 -1 -5.38e-15      0.00 7.092e-01 2.755e-01 2.746e-03 7.408e-04 6.719e-03 -1.000 1.527e-02 8.483 14.773 11.945 10.581 9.029 8.173
0.0152 0.01508 7.30103 0.3148775399 1.9817830324    0.315 -1.456  3.4901  4.304    0  0.000  0.545     0.00     0.00     0.00     0.00     0.00 -1 -5.59e-15      0.00 7.092e-01 2.755e-01 2.746e-03 7.408e-04 6.719e-03 -1.000 1.527e-02 8.409 14.623 11.803 10.435 8.923 8.089
0.0152 0.01508 7.30103 0.3500000238 2.0434176922    0.350 -1.389  3.4973  4.312    0  0.000  0.545     0.00     0.00     0.00     0.00     0.00 -1 -6.14e-15      0.00 7.092e-01 2.755e-01 2.746e-03 7.408e-04 6.719e-03 -1.000 1.527e-02 8.242 14.303 11.504 10.151 8.699 7.902
0.0152 0.01508 7.30103 0.3966873288 2.1139135361    0.397 -1.311  3.5058  4.322    0  0.000  0.545     0.00     0.00     0.00     0.00     0.00 -1 -6.81e-15      0.00 7.092e-01 2.755e-01 2.746e-03 7.408e-04 6.719e-03 -1.000 1.527e-02 8.048 13.945 11.164 9.828 8.444 7.688
0.0152 0.01508 7.30103 0.4000000358 2.1185026169    0.400 -1.306  3.5063  4.323    0  0.000  0.545     0.00     0.00     0.00     0.00     0.00 -1 -6.85e-15      0.00 7.092e-01 2.755e-01 2.746e-03 7.408e-04 6.719e-03 -1.000 1.527e-02 8.035 13.922 11.142 9.807 8.427 7.674
0.0152 0.01508 7.30103 0.4110713899 2.1334877014    0.411 -1.289  3.5084  4.326    0  0.000  0.545     0.00     0.00     0.00     0.00     0.00 -1 -7.01e-15      0.00 7.092e-01 2.755e-01 2.746e-03 7.408e-04 6.719e-03 -1.000 1.527e-02 7.992 13.841 11.065 9.734 8.370 7.626
0.0152 0.01508 7.30103 0.4500000477 2.1822810173    0.450 -1.231  3.5151  4.334    0  0.000  0.545     0.00     0.00     0.00     0.00     0.00 -1 -7.58e-15      0.00 7.092e-01 2.755e-01 2.746e-03 7.408e-04 6.719e-03 -1.000 1.527e-02 7.847 13.583 10.812 9.490 8.181 7.469
0.0152 0.01508 7.30103 0.4580756724 2.1917181015    0.458 -1.220  3.5165  4.336    0  0.000  0.545     0.00     0.00     0.00     0.00     0.00 -1 -7.69e-15      0.00 7.092e-01 2.755e-01 2.746e-03 7.408e-04 6.719e-03 -1.000 1.527e-02 7.819 13.532 10.762 9.441 8.144 7.439
0.0152 0.01508 7.30103 0.5000000000 2.2374541759    0.500 -1.163  3.5234  4.346    0  0.000  0.545     0.00     0.00     0.00     0.00     0.00 -1  -8.3e-15      0.00 7.092e-01 2.755e-01 2.746e-03 7.408e-04 6.719e-03 -1.000 1.527e-02 7.678 13.283 10.513 9.199 7.959 7.286
0.0152 0.01508 7.30103 0.5235671997 2.2604968548    0.523 -1.132  3.5276  4.351    0  0.000  0.545     0.00     0.00     0.00     0.00     0.00 -1 -8.66e-15      0.00 7.092e-01 2.755e-01 2.746e-03 7.408e-04 6.719e-03 -1.000 1.527e-02 7.599 13.144 10.373 9.062 7.855 7.202
0.0152 0.01508 7.30103 0.5500000119 2.2836582661    0.550 -1.096  3.5317  4.353    0  0.000  0.545     0.00     0.00     0.00     0.00     0.00 -1 -9.15e-15      0.00 7.092e-01 2.755e-01 2.746e-03 7.408e-04 6.719e-03 -1.000 1.527e-02 7.510 12.997 10.224 8.916 7.743 7.108
0.0152 0.01508 7.30103 0.5719175339 2.3010079861    0.572 -1.069  3.5355  4.359    0  0.000  0.545     0.00     0.00     0.00     0.00     0.00 -1 -9.48e-15      0.00 7.092e-01 2.755e-01 2.746e-03 7.408e-04 6.719e-03 -1.000 1.527e-02 7.444 12.880 10.103 8.799 7.655 7.036
0.0152 0.01508 7.30103 0.6000000238 2.3211214542    0.600 -1.033  3.5402  4.362    0  0.000  0.545     0.00     0.00     0.00     0.00     0.00 -1    -1e-14      0.00 7.092e-01 2.755e-01 2.746e-03 7.408e-04 6.719e-03 -1.000 1.527e-02 7.353 12.728 9.947 8.647 7.540 6.941
0.0152 0.01508 7.30103 0.6017648578 2.3223135471    0.602 -1.031  3.5405  4.362    0  0.000  0.545     0.00     0.00     0.00     0.00     0.00 -1 -1.01e-14      0.00 7.092e-01 2.755e-01 2.746e-03 7.408e-04 6.719e-03 -1.000 1.527e-02 7.348 12.719 9.937 8.638 7.533 6.935
0.0152 0.01508 7.30103 0.6423220038 2.3476469517    0.642 -0.977  3.5486  4.369    0  0.000  0.545     0.00     0.00     0.00     0.00     0.00 -1 -1.09e-14      0.00 7.092e-01 2.755e-01 2.746e-03 7.408e-04 6.719e-03 -1.000 1.527e-02 7.212 12.487 9.692 8.395 7.355 6.793
0.0152 0.01508 7.30103 0.6499999762 2.3520355225    0.650 -0.967  3.5500  4.370    0  0.000  0.545     0.00     0.00     0.00     0.00     0.00 -1 -1.11e-14      0.00 7.092e-01 2.755e-01 2.746e-03 7.408e-04 6.719e-03 -1.000 1.527e-02 7.188 12.446 9.649 8.352 7.324 6.768
0.0152 0.01508 7.30103 0.6987501979 2.3773314953    0.699 -0.888  3.5627  4.373    0  0.000  0.545     0.00     0.00     0.00     0.00     0.00 -1 -1.28e-14      0.00 7.092e-01 2.755e-01 2.746e-03 7.408e-04 6.719e-03 -1.000 1.527e-02 6.990 12.114 9.285 7.987 7.065 6.566
0.0152 0.01508 7.30103 0.7000000477 2.3779268265    0.700 -0.886  3.5630  4.373    0  0.000  0.545     0.00     0.00     0.00     0.00     0.00 -1 -1.29e-14      0.00 7.092e-01 2.755e-01 2.746e-03 7.408e-04 6.719e-03 -1.000 1.527e-02 6.984 12.104 9.275 7.976 7.058 6.560
0.0152 0.01508 7.30103 0.7500000000 2.3998889923    0.750 -0.710  3.6254  4.476    0  0.000  0.538     0.00     0.00     0.00     0.00     0.00 -1 -1.66e-14      0.00 7.092e-01 2.755e-01 2.710e-03 7.399e-04 6.720e-03 -1.000 1.527e-02 6.544 10.999 8.098 6.881 6.393 6.134
0.0152 0.01508 7.30103 0.7882728577 2.4145529270    0.788 -0.657  3.6318  4.471    0  0.000  0.538     0.00     0.00     0.00     0.00     0.00 -1 -1.83e-14      0.00 7.092e-01 2.755e-01 2.710e-03 7.399e-04 6.720e-03 -1.000 1.527e-02 6.412 10.772 7.885 6.695 6.245 6.006
0.0152 0.01508 7.30103 0.8000000119 2.4187245369    0.800 -0.638  3.6340  4.467    0  0.000  0.538     0.00     0.00     0.00     0.00     0.00 -1  -1.9e-14      0.00 7.092e-01 2.755e-01 2.710e-03 7.399e-04 6.720e-03 -1.000 1.527e-02 6.365 10.686 7.811 6.631 6.193 5.962
0.0152 0.01508 7.30103 0.8214102983 2.4259884357    0.821 -0.605  3.6386  4.464    0  0.000  0.538     0.00     0.00     0.00     0.00     0.00 -1 -2.03e-14      0.00 7.092e-01 2.755e-01 2.710e-03 7.399e-04 6.720e-03 -1.000 1.527e-02 6.282 10.521 7.670 6.512 6.100 5.883
0.0152 0.01508 7.30103 0.8500000238 2.4350347519    0.850 -0.549  3.6464  4.454    0  0.000  0.538     0.00     0.00     0.00     0.00     0.00 -1 -2.28e-14      0.00 7.092e-01 2.755e-01 2.710e-03 7.399e-04 6.720e-03 -1.000 1.527e-02 6.144 10.213 7.435 6.316 5.944 5.748
0.0152 0.01508 7.30103 0.8624690175 2.4387650490    0.862 -0.525  3.6501  4.451    0  0.000  0.538     0.00     0.00     0.00     0.00     0.00 -1 -2.41e-14      0.00 7.092e-01 2.755e-01 2.709e-03 7.399e-04 6.720e-03 -1.000 1.527e-02 6.082 10.067 7.328 6.228 5.874 5.688
0.0152 0.01508 7.30103 0.9000000358 2.4492788315    0.899 -0.445  3.6627  4.440    0  0.000  0.538     0.00     0.00     0.00     0.00     0.00 -1 -2.86e-14      0.00 7.092e-01 2.755e-01 2.709e-03 7.399e-04 6.720e-03 -1.000 1.527e-02 5.883 9.549 6.978 5.957 5.650 5.491
0.0152 0.01508 7.30103 0.9410812855 2.4596886635    0.941 -0.346  3.6792  4.427    0  0.000  0.538     0.00     0.00     0.00     0.00     0.00 -1 -3.56e-14      0.00 7.092e-01 2.755e-01 2.709e-03 7.399e-04 6.720e-03 -1.000 1.527e-02 5.636 8.900 6.551 5.639 5.379 5.250
0.0152 0.01508 7.30103 0.9500000477 2.4618122578    0.950 -0.324  3.6831  4.423    0  0.000  0.538     0.00     0.00     0.00     0.00     0.00 -1 -3.75e-14      0.00 7.092e-01 2.755e-01 2.709e-03 7.398e-04 6.720e-03 -1.000 1.527e-02 5.579 8.757 6.456 5.569 5.318 5.195
0.0152 0.01508 7.30103 0.9637643099 2.4650011063    0.963 -0.288  3.6891  4.419    0  0.000  0.538     0.00     0.00     0.00     0.00     0.00 -1 -4.06e-14      0.00 7.092e-01 2.755e-01 2.709e-03 7.398e-04 6.720e-03 -1.000 1.527e-02 5.491 8.544 6.313 5.461 5.224 5.111
0.0152 0.01508 7.30103 0.9943011999 2.4717147350    0.994 -0.206  3.7031  4.406    0  0.000  0.538     0.00     0.00     0.00     0.00     0.00 -1  -4.9e-14      0.00 7.092e-01 2.755e-01 2.709e-03 7.398e-04 6.720e-03 -1.000 1.527e-02 5.285 8.041 5.988 5.218 5.010 4.918
0.0152 0.01508 7.30103 1.0000000000 2.4729156494    1.000 -0.190  3.7058  4.403    0  0.000  0.538     0.00     0.00     0.00     0.00     0.00 -1 -5.08e-14      0.00 7.092e-01 2.755e-01 2.709e-03 7.398e-04 6.720e-03 -1.000 1.527e-02 5.245 7.948 5.928 5.172 4.969 4.881
0.0152 0.01508 7.30103 1.0082366467 2.4746234417    1.008 -0.167  3.7096  4.399    0  0.000  0.538     0.00     0.00     0.00     0.00     0.00 -1 -5.29e-14      0.00 7.092e-01 2.755e-01 2.709e-03 7.398e-04 6.720e-03 -1.000 1.527e-02 5.188 7.815 5.841 5.106 4.910 4.827
0.0152 0.01508 7.30103 1.0320656300 2.4793887138    1.032 -0.098  3.7210  4.385    0  0.000  0.538     0.00     0.00     0.00     0.00     0.00 -1 -6.02e-14      0.00 7.092e-01 2.755e-01 2.709e-03 7.398e-04 6.720e-03 -1.000 1.527e-02 5.015 7.426 5.589 4.912 4.736 4.669
0.0152 0.01508 7.30103 1.0499999523 2.4828116894    1.050 -0.043  3.7297  4.373    0  0.000  0.538     0.00     0.00     0.00     0.00     0.00 -1 -6.68e-14      0.00 7.092e-01 2.755e-01 2.709e-03 7.398e-04 6.720e-03 -1.000 1.527e-02 4.879 7.136 5.400 4.763 4.601 4.545
0.0152 0.01508 7.30103 1.0511350632 2.4830236435    1.051 -0.040  3.7303  4.373    0  0.000  0.538     0.00     0.00     0.00     0.00     0.00 -1 -6.72e-14      0.00 7.092e-01 2.755e-01 2.709e-03 7.398e-04 6.720e-03 -1.000 1.527e-02 4.870 7.118 5.388 4.753 4.592 4.537
0.0152 0.01508 7.30103 1.0713665485 2.4867179394    1.071  0.024  3.7402  4.356    0  0.000  0.538     0.00     0.00     0.00     0.00     0.00 -1 -7.61e-14      0.00 7.092e-01 2.755e-01 2.709e-03 7.398e-04 6.720e-03 -1.000 1.527e-02 4.709 6.791 5.169 4.580 4.436 4.395
0.0152 0.01508 7.30103 1.0910463333 2.4901607037    1.090  0.089  3.7499  4.338    0  0.000  0.538     0.00     0.00     0.00     0.00     0.00 -1 -8.65e-14      0.00 7.092e-01 2.755e-01 2.709e-03 7.398e-04 6.720e-03 -1.000 1.527e-02 4.548 6.457 4.956 4.414 4.285 4.255
0.0152 0.01508 7.30103 1.1000000238 2.4916803837    1.099  0.119  3.7543  4.330    0  0.000  0.538     0.00     0.00     0.00     0.00     0.00 -1 -9.19e-14      0.00 7.092e-01 2.755e-01 2.709e-03 7.398e-04 6.720e-03 -1.000 1.527e-02 4.473 6.312 4.859 4.337 4.215 4.190
0.0152 0.01508 7.30103 1.1032124758 2.4922184944    1.103  0.130  3.7559  4.326    0  0.000  0.538     0.00     0.00     0.00     0.00     0.00 -1  -9.4e-14      0.00 7.092e-01 2.755e-01 2.709e-03 7.398e-04 6.720e-03 -1.000 1.527e-02 4.445 6.259 4.824 4.309 4.190 4.167
0.0152 0.01508 7.30103 1.1255623102 2.4958658218    1.125  0.206  3.7668  4.302    0  0.000  0.538     0.00     0.00     0.00     0.00     0.00 -1  -1.1e-13      0.00 7.092e-01 2.755e-01 2.709e-03 7.398e-04 6.719e-03 -1.000 1.527e-02 4.255 5.911 4.583 4.118 4.016 4.006
0.0152 0.01508 7.30103 1.1499999762 2.4996678829    1.149  0.285  3.7784  4.280    0  0.000  0.538     0.00     0.00     0.00     0.00     0.00 -1 -1.28e-13      0.00 7.092e-01 2.755e-01 2.709e-03 7.398e-04 6.719e-03 -1.000 1.527e-02 4.059 5.565 4.336 3.924 3.841 3.845
0.0152 0.01508 7.30103 1.1509647369 2.4998142719    1.150  0.288  3.7789  4.279    0  0.000  0.538     0.00     0.00     0.00     0.00     0.00 -1 -1.29e-13      0.00 7.092e-01 2.755e-01 2.709e-03 7.398e-04 6.719e-03 -1.000 1.527e-02 4.051 5.552 4.327 3.917 3.834 3.838
0.0152 0.01508 7.30103 1.1670008898 2.5022051334    1.166  0.331  3.7860  4.270    0  0.000  0.538     0.00     0.00     0.00     0.00     0.00 -1 -1.39e-13      0.00 7.092e-01 2.755e-01 2.709e-03 7.398e-04 6.719e-03 -1.000 1.527e-02 3.942 5.368 4.191 3.811 3.740 3.752
0.0152 0.01508 7.30103 1.1907162666 2.5056056976    1.190  0.363  3.7938  4.278    0  0.000  0.538     0.00     0.00     0.00     0.00     0.00 -1 -1.41e-13      0.00 7.092e-01 2.755e-01 2.709e-03 7.398e-04 6.719e-03 -1.000 1.527e-02 3.862 5.214 4.084 3.737 3.678 3.699
0.0152 0.01508 7.30103 1.2000000477 2.5068950653    1.200  0.371  3.7965  4.284    0  0.000  0.538     0.00     0.00     0.00     0.00     0.00 -1 -1.39e-13      0.00 7.092e-01 2.755e-01 2.709e-03 7.398e-04 6.719e-03 -1.000 1.527e-02 3.843 5.172 4.055 3.720 3.665 3.689
0.0152 0.01508 7.30103 1.2223265171 2.5099034309    1.222  0.388  3.8034  4.302    0  0.000  0.538     0.00     0.00     0.00     0.00     0.00 -1 -1.35e-13      0.00 7.092e-01 2.755e-01 2.709e-03 7.397e-04 6.719e-03 -1.000 1.527e-02 3.799 5.071 3.989 3.682 3.638 3.669
0.0152 0.01508 7.30103 1.2472780943 2.5131192207    1.247  0.381  3.8073  4.335    0  0.000  0.538     0.00     0.00     0.00     0.00     0.00 -1  -1.2e-13      0.00 7.092e-01 2.755e-01 2.709e-03 7.397e-04 6.719e-03 -1.000 1.527e-02 3.819 5.059 3.997 3.706 3.667 3.703
0.0152 0.01508 7.30103 1.2500000000 2.5134611130    1.250  0.379  3.8075  4.337    0  0.000  0.538     0.00     0.00     0.00     0.00     0.00 -1 -1.19e-13      0.00 7.092e-01 2.755e-01 2.709e-03 7.397e-04 6.719e-03 -1.000 1.527e-02 3.821 5.060 3.999 3.709 3.670 3.706
0.0152 0.01508 7.30103 1.2659369707 2.5154292583    1.266  0.372  3.8085  4.355    0  0.000  0.538     0.00     0.00     0.00     0.00     0.00 -1 -1.09e-13      0.00 7.093e-01 2.755e-01 2.709e-03 7.397e-04 6.718e-03 -1.000 1.526e-02 3.840 5.071 4.016 3.729 3.692 3.729
0.0152 0.01508 7.30103 1.2964137793 2.5190382004    1.296  0.380  3.8105  4.365    0  0.000  0.538     0.00     0.00     0.00     0.00     0.00 -1 -1.01e-13      0.00 7.093e-01 2.755e-01 2.709e-03 7.397e-04 6.718e-03 -1.000 1.525e-02 3.821 5.037 3.991 3.711 3.677 3.716
0.0152 0.01508 7.30103 1.2999999523 2.5194499493    1.300  0.382  3.8107  4.365    0  0.000  0.538     0.00     0.00     0.00     0.00     0.00 -1 -1.01e-13      0.00 7.093e-01 2.755e-01 2.709e-03 7.397e-04 6.718e-03 -1.000 1.525e-02 3.815 5.030 3.984 3.706 3.672 3.712
0.0152 0.01508 7.30103 1.3167980909 2.5213449001    1.317  0.390  3.8118  4.367    0  0.000  0.538     0.00     0.00     0.00     0.00     0.00 -1  -9.7e-14      0.00 7.093e-01 2.754e-01 2.709e-03 7.396e-04 6.718e-03 -1.000 1.527e-02 3.795 5.003 3.961 3.687 3.655 3.695
0.0152 0.01508 7.30103 1.3500001431 2.5249314308    1.350  0.447  3.8174  4.343    0  0.000  0.538     0.00     0.00     0.00     0.00     0.00 -1 -1.02e-13      0.00 7.093e-01 2.754e-01 2.709e-03 7.396e-04 6.718e-03 -1.000 1.527e-02 3.653 4.836 3.802 3.550 3.526 3.573
0.0152 0.01508 7.30103 1.3696037531 2.5269553661    1.370  0.481  3.8208  4.329    0  0.000  0.538     0.00     0.00     0.00     0.00     0.00 -1 -1.04e-13      0.00 7.093e-01 2.754e-01 2.708e-03 7.396e-04 6.718e-03 -1.000 1.526e-02 3.568 4.736 3.707 3.467 3.449 3.500
0.0152 0.01508 7.30103 1.4000000954 2.5299651623    1.400  0.535  3.8267  4.309    0  0.000  0.538     0.00     0.00     0.00     0.00     0.00 -1 -1.09e-13      0.00 7.093e-01 2.754e-01 2.708e-03 7.396e-04 6.718e-03 -1.000 1.527e-02 3.434 4.579 3.555 3.337 3.329 3.386
0.0152 0.01508 7.30103 1.4500000477 2.5346016884    1.450  0.622  3.8388  4.285    0  0.000  0.538     0.00     0.00     0.00     0.00     0.00 -1 -1.12e-13      0.00 7.093e-01 2.754e-01 2.708e-03 7.396e-04 6.717e-03 -1.000 1.527e-02 3.216 4.327 3.305 3.129 3.141 3.210
0.0152 0.01508 7.30103 1.4610230923 2.5355749130    1.461  0.642  3.8423  4.282    0  0.000  0.538     0.00     0.00     0.00     0.00     0.00 -1 -1.12e-13      0.00 7.093e-01 2.754e-01 2.708e-03 7.396e-04 6.717e-03 -1.000 1.527e-02 3.165 4.267 3.245 3.081 3.098 3.172
0.0152 0.01508 7.30103 1.5000000000 2.5388846397    1.500  0.705  3.8543  4.279    0  0.000  0.538     0.00     0.00     0.00     0.00     0.00 -1 -1.08e-13      0.00 7.093e-01 2.754e-01 2.708e-03 7.395e-04 6.717e-03 -1.000 1.526e-02 3.008 4.087 3.060 2.936 2.974 3.060
0.0152 0.01508 7.30103 1.5410350561 2.5421617031    1.541  0.765  3.8698  4.292    0  0.000  0.538     0.00     0.00     0.00     0.00     0.00 -1 -9.51e-14      0.00 7.093e-01 2.754e-01 2.708e-03 7.395e-04 6.717e-03 -1.000 1.527e-02 2.857 3.915 2.877 2.804 2.867 2.970
0.0152 0.01508 7.30103 1.5500001907 2.5428512096    1.550  0.776  3.8727  4.295    0  0.000  0.538     0.00     0.00     0.00     0.00     0.00 -1 -9.22e-14      0.00 7.093e-01 2.754e-01 2.708e-03 7.395e-04 6.717e-03 -1.000 1.527e-02 2.830 3.885 2.843 2.780 2.849 2.954
0.0152 0.01508 7.30103 1.6000000238 2.5465342999    1.600  0.832  3.8895  4.320    0  0.000  0.538     0.00     0.00     0.00     0.00     0.00 -1 -6.72e-14      0.00 7.094e-01 2.754e-01 2.708e-03 7.395e-04 6.716e-03 -1.000 1.527e-02 2.689 3.731 2.674 2.664 2.761 2.883
0.0152 0.01508 7.30103 1.6218404770 2.5480611324    1.621  0.854  3.8957  4.329    0  0.000  0.538     0.00     0.00     0.00     0.00     0.00 -1 -5.12e-14      0.00 7.094e-01 2.753e-01 2.708e-03 7.394e-04 6.716e-03 -1.000 1.527e-02 2.635 3.674 2.611 2.620 2.728 2.856
0.0152 0.01508 7.30103 1.6500000954 2.5499615669    1.649  0.886  3.9027  4.332    0  0.000  0.538     0.00     0.00     0.00     0.00     0.00 -1 -3.69e-14      0.00 7.094e-01 2.753e-01 2.708e-03 7.394e-04 6.716e-03 -1.000 1.527e-02 2.556 3.591 2.521 2.554 2.674 2.808
0.0152 0.01508 7.30103 1.7000000477 2.5531582832    1.699  0.941  3.9147  4.338    0  0.000  0.538     0.00     0.00     0.00     0.00     0.00 -1    -1e-30      0.00 7.094e-01 2.753e-01 2.708e-03 7.394e-04 6.716e-03 -1.000 1.527e-02 2.417 3.448 2.369 2.441 2.581 2.725
0.0152 0.01508 7.30103 1.7500000000 2.5561456680    1.749  0.995  3.9261  4.342    0  0.000  0.538     0.00     0.00     0.00     0.00     0.00 -1    -1e-30      0.00 7.094e-01 2.753e-01 2.708e-03 7.394e-04 6.715e-03 -1.000 1.527e-02 2.283 3.311 2.227 2.337 2.495 2.647
0.0152 0.01508 7.30103 1.8000000715 2.5589430332    1.799  1.047  3.9369  4.346    0  0.000  0.538     0.00     0.00     0.00     0.00     0.00 -1    -1e-30      0.00 7.094e-01 2.753e-01 2.707e-03 7.393e-04 6.715e-03 -1.000 1.526e-02 2.154 3.176 2.098 2.242 2.414 2.573
0.0152 0.01508 7.30103 1.8500000238 2.5615673065    1.849  1.095  3.9469  4.350    0  0.000  0.538     0.00     0.00     0.00     0.00     0.00 -1    -1e-30      0.00 7.094e-01 2.753e-01 2.707e-03 7.393e-04 6.715e-03 -1.000 1.526e-02 2.032 3.049 1.986 2.156 2.341 2.505
0.0152 0.01508 7.30103 1.9000000954 2.5640332699    1.899  1.143  3.9566  4.352    0  0.000  0.538     0.00     0.00     0.00     0.00     0.00 -1    -1e-30      0.00 7.094e-01 2.753e-01 2.707e-03 7.393e-04 6.715e-03 -1.000 1.526e-02 1.913 2.924 1.882 2.074 2.269 2.438
0.0152 0.01508 7.30103 1.9500001669 2.5663545132    1.950  1.189  3.9659  4.354    0  0.000  0.538     0.00     0.00     0.00     0.00     0.00 -1    -1e-30      0.00 7.095e-01 2.753e-01 2.707e-03 7.393e-04 6.714e-03 -1.000 1.526e-02 1.797 2.804 1.786 1.997 2.202 2.375
0.0152 0.01508 7.30103 2.0000000000 2.5685424805    2.000  1.234  3.9748  4.356    0  0.000  0.538     0.00     0.00     0.00     0.00     0.00 -1    -1e-30      0.00 7.095e-01 2.752e-01 2.707e-03 7.392e-04 6.714e-03 -1.000 1.527e-02 1.686 2.691 1.699 1.925 2.137 2.315
0.0152 0.01508 7.30103 2.0499999523 2.5706083775    2.050  1.277  3.9832  4.357    0  0.000  0.538     0.00     0.00     0.00     0.00     0.00 -1    -1e-30      0.00 7.095e-01 2.752e-01 2.707e-03 7.392e-04 6.714e-03 -1.000 1.526e-02 1.578 2.584 1.617 1.857 2.076 2.257
0.0152 0.01508 7.30103 2.0999999046 2.5725615025    2.099  1.319  3.9912  4.358    0  0.000  0.538     0.00     0.00     0.00     0.00     0.00 -1    -1e-30      0.00 7.095e-01 2.752e-01 2.707e-03 7.392e-04 6.714e-03 -1.000 1.525e-02 1.472 2.479 1.539 1.790 2.016 2.200
0.0152 0.01508 7.30103 2.1500000954 2.5744106770    2.149  1.360  3.9991  4.358    0  0.000  0.538     0.00     0.00     0.00     0.00     0.00 -1    -1e-30      0.00 7.095e-01 2.752e-01 2.707e-03 7.391e-04 6.714e-03 -1.000 1.526e-02 1.370 2.379 1.466 1.727 1.958 2.145
0.0152 0.01508 7.30103 2.2000000477 2.5761635303    2.199  1.400  4.0066  4.358    0  0.000  0.538     0.00     0.00     0.00     0.00     0.00 -1    -1e-30      0.00 7.095e-01 2.752e-01 2.707e-03 7.391e-04 6.713e-03 -1.000 1.527e-02 1.269 2.280 1.395 1.666 1.901 2.090
0.0152 0.01508 7.30103 2.2500000000 2.5778269768    2.249  1.439  4.0140  4.359    1  0.000  0.538     0.00     0.00     0.00     0.00     0.00 -1    -1e-30      0.00 7.095e-01 2.752e-01 2.707e-03 7.391e-04 6.713e-03 -1.000 1.527e-02 1.172 2.185 1.328 1.607 1.846 2.038
0.0152 0.01508 7.30103 2.2999999523 2.5794074535    2.299  1.477  4.0211  4.359    1  0.000  0.538     0.00     0.00     0.00     0.00     0.00 -1    -1e-30      0.00 7.095e-01 2.752e-01 2.707e-03 7.391e-04 6.713e-03 -1.000 1.527e-02 1.078 2.093 1.263 1.549 1.792 1.986
0.0152 0.01508 7.30103 2.4000000954 2.5823426247    2.399  1.550  4.0343  4.357    0  0.000  0.538     0.00     0.00     0.00     0.00     0.00 -1    -1e-30      0.00 7.095e-01 2.752e-01 2.707e-03 7.391e-04 6.713e-03 -1.000 1.525e-02 0.895 1.916 1.139 1.436 1.686 1.885
0.0152 0.01508 7.30103 2.5999999046 2.5874414444    2.600  1.685  4.0586  4.354    0  0.000  0.538     0.00     0.00     0.00     0.00     0.00 -1    -1e-30      0.00 7.092e-01 2.755e-01 2.710e-03 7.399e-04 6.720e-03 -1.000 1.527e-02 0.556 1.591 0.912 1.227 1.486 1.695
0.0152 0.01508 7.30103 2.8000001907 2.5917119980    2.800  1.811  4.0802  4.347    1  0.000  0.538     0.00     0.00     0.00     0.00     0.00 -1    -1e-30      0.00 7.092e-01 2.755e-01 2.710e-03 7.399e-04 6.720e-03 -1.000 1.527e-02 0.243 1.296 0.704 1.031 1.298 1.517
0.0152 0.01508 7.30103 3.0000000000 2.5953342915    3.000  1.927  4.0998  4.340    1  0.000  0.538     0.00     0.00     0.00     0.00     0.00 -1    -1e-30      0.00 7.092e-01 2.755e-01 2.710e-03 7.399e-04 6.720e-03 -1.000 1.527e-02 -0.047 1.031 0.514 0.851 1.123 1.351
0.0152 0.01508 7.30103 3.2000000477 2.5984411240    3.199  2.035  4.1177  4.331    1  0.000  0.538     0.00     0.00     0.00     0.00     0.00 -1    -1e-30      0.00 7.092e-01 2.755e-01 2.710e-03 7.399e-04 6.720e-03 -1.000 1.527e-02 -0.317 0.791 0.337 0.683 0.960 1.196
0.0152 0.01508 7.30103 3.4000000954 2.6011312008    3.398  2.136  4.1344  4.322    1  0.000  0.538     0.00     0.00     0.00     0.00     0.00 -1    -1e-30      0.00 7.092e-01 2.755e-01 2.710e-03 7.399e-04 6.720e-03 -1.000 1.527e-02 -0.571 0.572 0.173 0.526 0.808 1.050
0.0152 0.01508 7.30103 3.6000001431 2.6034805775    3.598  2.232  4.1497  4.313    1  0.000  0.538     0.00     0.00     0.00     0.00     0.00 -1    -1e-30      0.00 7.092e-01 2.755e-01 2.710e-03 7.399e-04 6.720e-03 -1.000 1.527e-02 -0.810 0.367 0.017 0.378 0.663 0.912
0.0152 0.01508 7.30103 3.8000001907 2.6055479050    3.798  2.322  4.1640  4.304    1  0.000  0.538     0.00     0.00     0.00     0.00     0.00 -1    -1e-30      0.00 7.092e-01 2.755e-01 2.710e-03 7.399e-04 6.720e-03 -1.000 1.527e-02 -1.034 0.181 -0.129 0.239 0.528 0.782
0.0152 0.01508 7.30103 4.0000000000 2.6073791981    4.001  2.407  4.1773  4.294    1  0.000  0.538     0.00     0.00     0.00     0.00     0.00 -1    -1e-30      0.00 7.092e-01 2.755e-01 2.710e-03 7.399e-04 6.720e-03 -1.000 1.527e-02 -1.247 0.005 -0.268 0.106 0.399 0.657
0.0152 0.01508 7.30103 4.1999998093 2.6090114117    4.198  2.488  4.1899  4.285    1  0.000  0.538     0.00     0.00     0.00     0.00     0.00 -1    -1e-30      0.00 7.092e-01 2.755e-01 2.710e-03 7.399e-04 6.720e-03 -1.000 1.527e-02 -1.451 -0.160 -0.400 -0.020 0.276 0.539
0.0152 0.01508 7.30103 4.4000000954 2.6104743481    4.397  2.566  4.2019  4.275    1  0.000  0.538     0.00     0.00     0.00     0.00     0.00 -1    -1e-30      0.00 7.092e-01 2.755e-01 2.710e-03 7.399e-04 6.720e-03 -1.000 1.527e-02 -1.645 -0.317 -0.527 -0.141 0.159 0.425
0.0152 0.01508 7.30103 4.5999999046 2.6117916107    4.598  2.640  4.2132  4.265    1  0.000  0.538     0.00     0.00     0.00     0.00     0.00 -1    -1e-30      0.00 7.092e-01 2.755e-01 2.710e-03 7.399e-04 6.720e-03 -1.000 1.527e-02 -1.830 -0.466 -0.649 -0.257 0.046 0.316
0.0152 0.01508 7.30103 4.6083288193 2.6118438244    4.606  2.643  4.2136  4.265    1  0.000  0.538     0.00     0.00     0.00     0.00     0.00 -1    -1e-30      0.00 7.092e-01 2.755e-01 2.710e-03 7.399e-04 6.720e-03 -1.000 1.527e-02 -1.838 -0.472 -0.653 -0.262 0.041 0.312
0.0152 0.01508 7.30103 4.8000001907 2.6129837036    4.798  2.711  4.2239  4.255    1  0.000  0.538     0.00     0.00     0.00     0.00     0.00 -1    -1e-30      0.00 7.092e-01 2.755e-01 2.710e-03 7.399e-04 6.720e-03 -1.000 1.527e-02 -2.008 -0.608 -0.766 -0.369 -0.063 0.211
0.0152 0.01508 7.30103 5.0000000000 2.6140668392    4.999  2.779  4.2340  4.245    1  0.000  0.538     0.00     0.00     0.00     0.00     0.00 -1    -1e-30      0.00 7.092e-01 2.755e-01 2.710e-03 7.399e-04 6.720e-03 -1.000 1.527e-02 -2.179 -0.745 -0.880 -0.478 -0.169 0.108
0.0152 0.01508 7.30103 5.1999998093 2.6150546074    5.200  2.845  4.2436  4.235    1  0.000  0.538     0.00     0.00     0.00     0.00     0.00 -1    -1e-30      0.00 7.092e-01 2.755e-01 2.710e-03 7.399e-04 6.720e-03 -1.000 1.527e-02 -2.343 -0.877 -0.990 -0.583 -0.272 0.008
0.0152 0.01508 7.30103 5.2930269241 2.6154849529    5.293  2.875  4.2479  4.230    1  0.000  0.538     0.00     0.00     0.00     0.00     0.00 -1    -1e-30      0.00 7.092e-01 2.755e-01 2.710e-03 7.399e-04 6.720e-03 -1.000 1.527e-02 -2.418 -0.937 -1.040 -0.632 -0.319 -0.038
0.0152 0.01508 7.30103 5.3999996185 2.6159586906    5.401  2.909  4.2528  4.225    1  0.000  0.538     0.00     0.00     0.00     0.00     0.00 -1    -1e-30      0.00 7.092e-01 2.755e-01 2.710e-03 7.399e-04 6.720e-03 -1.000 1.527e-02 -2.502 -1.005 -1.098 -0.686 -0.373 -0.089
0.0152 0.01508 7.30103 5.5917057991 2.6167557240    5.593  2.968  4.2612  4.214    1  0.000  0.538     0.00     0.00     0.00     0.00     0.00 -1    -1e-30      0.00 7.092e-01 2.755e-01 2.710e-03 7.399e-04 6.720e-03 -1.000 1.527e-02 -2.650 -1.124 -1.198 -0.783 -0.467 -0.181
0.0152 0.01508 7.30103 5.5999994278 2.6167888641    5.601  2.971  4.2615  4.214    1  0.000  0.538     0.00     0.00     0.00     0.00     0.00 -1    -1e-30      0.00 7.092e-01 2.755e-01 2.710e-03 7.399e-04 6.720e-03 -1.000 1.527e-02 -2.656 -1.129 -1.202 -0.787 -0.471 -0.185
0.0152 0.01508 7.30103 5.7698392868 2.6174421310    5.771  3.021  4.2686  4.205    1  0.000  0.538     0.00     0.00     0.00     0.00     0.00 -1    -1e-30      0.00 7.092e-01 2.755e-01 2.710e-03 7.399e-04 6.720e-03 -1.000 1.527e-02 -2.783 -1.232 -1.290 -0.870 -0.552 -0.264
0.0152 0.01508 7.30103 5.8000001907 2.6175537109    5.801  3.030  4.2699  4.203    1  0.000  0.538     0.00     0.00     0.00     0.00     0.00 -1    -1e-30      0.00 7.092e-01 2.755e-01 2.710e-03 7.399e-04 6.720e-03 -1.000 1.527e-02 -2.805 -1.250 -1.305 -0.885 -0.567 -0.278
0.0152 0.01508 7.30103 5.9431304932 2.6180646420    5.944  3.072  4.2756  4.195    1  0.000  0.538     0.00     0.00     0.00     0.00     0.00 -1    -1e-30      0.00 7.092e-01 2.755e-01 2.710e-03 7.399e-04 6.720e-03 -1.000 1.527e-02 -2.909 -1.334 -1.377 -0.954 -0.634 -0.344
0.0152 0.01508 7.30103 6.0000000000 2.6182601452    6.000  3.088  4.2778  4.191    1  0.000  0.538     0.00     0.00     0.00     0.00     0.00 -1    -1e-30      0.00 7.092e-01 2.755e-01 2.710e-03 7.399e-04 6.720e-03 -1.000 1.527e-02 -2.950 -1.368 -1.406 -0.982 -0.661 -0.370
0.0152 0.01508 7.30103 6.1949362755 2.6188983917    6.195  3.143  4.2850  4.179    1  0.000  0.538     0.00     0.00     0.00     0.00     0.00 -1    -1e-30      0.00 7.092e-01 2.755e-01 2.710e-03 7.399e-04 6.720e-03 -1.000 1.527e-02 -3.088 -1.481 -1.504 -1.077 -0.754 -0.461
0.0152 0.01508 7.30103 6.1999998093 2.6189143658    6.200  3.145  4.2852  4.179    1  0.000  0.538     0.00     0.00     0.00     0.00     0.00 -1    -1e-30      0.00 7.092e-01 2.755e-01 2.710e-03 7.399e-04 6.720e-03 -1.000 1.527e-02 -3.092 -1.484 -1.506 -1.079 -0.756 -0.463
0.0152 0.01508 7.30103 6.4000000954 2.6195218563    6.399  3.200  4.2924  4.166    1  0.000  0.538     0.00     0.00     0.00     0.00     0.00 -1    -1e-30      0.00 7.092e-01 2.755e-01 2.710e-03 7.399e-04 6.720e-03 -1.000 1.527e-02 -3.230 -1.598 -1.604 -1.174 -0.849 -0.554
0.0152 0.01508 7.30103 6.4822239876 2.6197590828    6.481  3.222  4.2952  4.161    1  0.000  0.538     0.00     0.00     0.00     0.00     0.00 -1    -1e-30      0.00 7.092e-01 2.755e-01 2.710e-03 7.399e-04 6.720e-03 -1.000 1.527e-02 -3.285 -1.643 -1.644 -1.212 -0.887 -0.590
0.0152 0.01508 7.30103 6.7864909172 2.6205797195    6.783  3.303  4.3052  4.140    1  0.000  0.538     0.00     0.00     0.00     0.00     0.00 -1    -1e-30      0.00 7.092e-01 2.755e-01 2.710e-03 7.399e-04 6.720e-03 -1.000 1.527e-02 -3.486 -1.811 -1.791 -1.354 -1.026 -0.726
0.0152 0.01508 7.30103 7.0000000000 2.6211071014    6.996  3.358  4.3119  4.124    1  0.000  0.538     0.00     0.00     0.00     0.00     0.00 -1    -1e-30      0.00 7.092e-01 2.755e-01 2.710e-03 7.399e-04 6.720e-03 -1.000 1.527e-02 -3.625 -1.927 -1.893 -1.454 -1.123 -0.822
0.0152 0.01508 7.30103 7.1074132919 2.6213586330    7.104  3.385  4.3150  4.117    1  0.000  0.538     0.00     0.00     0.00     0.00     0.00 -1    -1e-30      0.00 7.092e-01 2.755e-01 2.710e-03 7.399e-04 6.720e-03 -1.000 1.527e-02 -3.692 -1.984 -1.943 -1.502 -1.171 -0.869
0.0152 0.01508 7.30103 7.4089326859 2.6220200062    7.407  3.459  4.3233  4.094    1  0.000  0.538     0.00     0.00     0.00     0.00     0.00 -1    -1e-30      0.00 7.092e-01 2.755e-01 2.710e-03 7.399e-04 6.720e-03 -1.000 1.527e-02 -3.877 -2.142 -2.084 -1.639 -1.306 -1.001
0.0152 0.01508 7.30103 7.6853079796 2.6225740910    7.685  3.526  4.3303  4.071    1  0.000  0.538     0.00     0.00     0.00     0.00     0.00 -1    -1e-30      0.00 7.092e-01 2.755e-01 2.710e-03 7.399e-04 6.720e-03 -1.000 1.527e-02 -4.045 -2.287 -2.214 -1.767 -1.431 -1.124
0.0152 0.01508 7.30103 7.9083161354 2.6229889393    7.909  3.580  4.3354  4.050    1  0.000  0.538     0.00     0.00     0.00     0.00     0.00 -1    -1e-30      0.00 7.092e-01 2.755e-01 2.710e-03 7.399e-04 6.720e-03 -1.000 1.527e-02 -4.180 -2.406 -2.322 -1.873 -1.536 -1.227
0.0152 0.01508 7.30103 8.0000000000 2.6231517792    8.001  3.602  4.3374  4.041    1  0.000  0.538     0.00     0.00     0.00     0.00     0.00 -1    -1e-30      0.00 7.092e-01 2.755e-01 2.710e-03 7.399e-04 6.720e-03 -1.000 1.527e-02 -4.235 -2.455 -2.367 -1.917 -1.579 -1.270
0.0152 0.01508 7.30103 8.0352277756 2.6232132912    8.036  3.610  4.3381  4.037    1  0.000  0.538     0.00     0.00     0.00     0.00     0.00 -1    -1e-30      0.00 7.092e-01 2.755e-01 2.710e-03 7.399e-04 6.720e-03 -1.000 1.527e-02 -4.256 -2.474 -2.384 -1.933 -1.596 -1.286
0.0152 0.01508 7.30103 8.2735977173 2.6236131191    8.273  3.666  4.3426  4.013    1  0.000  0.538     0.00     0.00     0.00     0.00     0.00 -1    -1e-30      0.00 7.092e-01 2.755e-01 2.710e-03 7.399e-04 6.720e-03 -1.000 1.527e-02 -4.394 -2.598 -2.498 -2.046 -1.707 -1.397
0.0152 0.01508 7.30103 8.5212125778 2.6240015030    8.518  3.722  4.3468  3.985    1  0.000  0.538     0.00     0.00     0.00     0.00     0.00 -1    -1e-30      0.00 7.092e-01 2.755e-01 2.710e-03 7.399e-04 6.720e-03 -1.000 1.527e-02 -4.536 -2.729 -2.619 -2.165 -1.825 -1.514
0.0152 0.01508 7.30103 8.7258377075 2.6243033409    8.722  3.769  4.3497  3.960    1  0.000  0.538     0.00     0.00     0.00     0.00     0.00 -1    -1e-30      0.00 7.092e-01 2.755e-01 2.710e-03 7.399e-04 6.720e-03 -1.000 1.527e-02 -4.653 -2.839 -2.722 -2.267 -1.927 -1.614
0.0152 0.01508 7.30103 8.9163846970 2.6245701313    8.911  3.813  4.3517  3.934    1  0.000  0.538     0.00     0.00     0.00     0.00     0.00 -1    -1e-30      0.00 7.092e-01 2.755e-01 2.710e-03 7.399e-04 6.720e-03 -1.000 1.527e-02 -4.763 -2.945 -2.823 -2.367 -2.026 -1.714
0.0152 0.01508 7.30103 9.0000000000 2.6246831417    8.995  3.833  4.3525  3.921    1  0.000  0.538     0.00     0.00     0.00     0.00     0.00 -1    -1e-30      0.00 7.092e-01 2.755e-01 2.710e-03 7.399e-04 6.720e-03 -1.000 1.527e-02 -4.812 -2.993 -2.868 -2.412 -2.071 -1.758
0.0152 0.01508 7.30103 9.0448932648 2.6247427464    9.040  3.843  4.3529  3.915    1  0.000  0.538     0.00     0.00     0.00     0.00     0.00 -1    -1e-30      0.00 7.092e-01 2.755e-01 2.710e-03 7.399e-04 6.720e-03 -1.000 1.527e-02 -4.837 -3.017 -2.891 -2.435 -2.094 -1.781
0.0152 0.01508 7.30103 9.3068590164 2.6250777245    9.302  3.902  4.3543  3.874    1  0.000  0.538     0.00     0.00     0.00     0.00     0.00 -1    -1e-30      0.00 7.092e-01 2.755e-01 2.710e-03 7.399e-04 6.720e-03 -1.000 1.527e-02 -4.984 -3.165 -3.033 -2.577 -2.235 -1.922
0.0152 0.01508 7.30103 9.5455446243 2.6253647804    9.542  3.955  4.3546  3.832    1  0.000  0.538     0.00     0.00     0.00     0.00     0.00 -1    -1e-30      0.00 7.092e-01 2.755e-01 2.710e-03 7.399e-04 6.720e-03 -1.000 1.527e-02 -5.118 -3.303 -3.168 -2.712 -2.371 -2.058
0.0152 0.01508 7.30103 9.7460746765 2.6255934238    9.743  4.001  4.3535  3.791    1  0.000  0.538     0.00     0.00     0.00     0.00     0.00 -1    -1e-30      0.00 7.092e-01 2.755e-01 2.710e-03 7.399e-04 6.720e-03 -1.000 1.527e-02 -5.233 -3.426 -3.290 -2.835 -2.494 -2.181
0.0152 0.01508 7.30103 9.9305105209 2.6257941723    9.928  4.044  4.3513  3.748    1  0.000  0.538     0.00     0.00     0.00     0.00     0.00 -1    -1e-30      0.00 7.092e-01 2.755e-01 2.710e-03 7.399e-04 6.720e-03 -1.000 1.527e-02 -5.340 -3.545 -3.411 -2.957 -2.616 -2.304
0.0152 0.01508 7.30103 10.0000000000 2.6258678436    9.998  4.060  4.3502  3.731    1  0.000  0.538     0.00     0.00     0.00     0.00     0.00 -1    -1e-30      0.00 7.092e-01 2.755e-01 2.710e-03 7.399e-04 6.720e-03 -1.000 1.527e-02 -5.380 -3.591 -3.458 -3.004 -2.664 -2.352
0.0152 0.01508 7.30103 10.0999403000 2.6259713173   10.099  4.082  4.3487  3.707    1  0.000  0.538     0.00     0.00     0.00     0.00     0.00 -1    -1e-30      0.00 7.092e-01 2.755e-01 2.710e-03 7.399e-04 6.720e-03 -1.000 1.527e-02 -5.436 -3.655 -3.523 -3.070 -2.730 -2.419
0.0152 0.01508 7.30103 10.3069410324 2.6261787415   10.306  4.129  4.3438  3.649    1  0.000  0.538     0.00     0.00     0.00     0.00     0.00 -1    -1e-30      0.00 7.092e-01 2.755e-01 2.710e-03 7.399e-04 6.720e-03 -1.000 1.527e-02 -5.554 -3.796 -3.670 -3.218 -2.880 -2.570
0.0152 0.01508 7.30103 10.4999179840 2.6263637543   10.500  4.175  4.3367  3.584    1  0.000  0.538     0.00     0.00     0.00     0.00     0.00 -1    -1e-30      0.00 7.092e-01 2.755e-01 2.710e-03 7.399e-04 6.720e-03 -1.000 1.527e-02 -5.667 -3.939 -3.823 -3.374 -3.037 -2.730
0.0152 0.01508 7.30103 10.6654758453 2.6265161037   10.666  4.214  4.3292  3.521    1  0.000  0.538     0.00     0.00     0.00     0.00     0.00 -1    -1e-30      0.00 7.092e-01 2.755e-01 2.710e-03 7.399e-04 6.720e-03 -1.000 1.527e-02 -5.765 -4.068 -3.963 -3.518 -3.183 -2.878
0.0152 0.01508 7.30103 10.8118247986 2.6266465187   10.813  4.250  4.3208  3.458    1  0.000  0.538     0.00     0.00     0.00     0.00     0.00 -1    -1e-30      0.00 7.092e-01 2.755e-01 2.710e-03 7.399e-04 6.720e-03 -1.000 1.527e-02 -5.854 -4.193 -4.099 -3.658 -3.325 -3.024
0.0152 0.01508 7.30103 10.9437408447 2.6267604828   10.945  4.284  4.3130  3.397    1  0.000  0.538     0.00     0.00     0.00     0.00     0.00 -1    -1e-30      0.00 7.092e-01 2.755e-01 2.710e-03 7.399e-04 6.720e-03 -1.000 1.527e-02 -5.939 -4.312 -4.229 -3.792 -3.461 -3.163
0.0152 0.01508 7.30103 11.0000000000 2.6268081665   11.002  4.299  4.3103  3.374    1  0.000  0.538     0.00     0.00     0.00     0.00     0.00 -1    -1e-30      0.00 7.092e-01 2.755e-01 2.710e-03 7.399e-04 6.720e-03 -1.000 1.527e-02 -5.978 -4.362 -4.283 -3.847 -3.517 -3.219
0.0152 0.01508 7.30103 11.0423860550 2.6268436909   11.044  4.310  4.3084  3.357    1  0.000  0.538     0.00     0.00     0.00     0.00     0.00 -1    -1e-30      0.00 7.092e-01 2.755e-01 2.710e-03 7.399e-04 6.720e-03 -1.000 1.527e-02 -6.005 -4.399 -4.321 -3.886 -3.557 -3.260
0.0152 0.01508 7.30103 11.0502185822 2.6268503666   11.052  4.312  4.3081  3.354    1  0.000  0.538     0.00     0.00     0.00     0.00     0.00 -1    -1e-30      0.00 7.092e-01 2.755e-01 2.710e-03 7.399e-04 6.720e-03 -1.000 1.527e-02 -6.010 -4.405 -4.328 -3.893 -3.564 -3.267
0.0152 0.01508 7.30103 11.1211299896 2.6269090176   11.123  4.339  4.3215  3.383    1  0.000  0.538     0.00     0.00     0.00     0.00     0.00 -1    -1e-30      0.00 7.092e-01 2.755e-01 2.710e-03 7.399e-04 6.720e-03 -1.000 1.527e-02 -6.079 -4.427 -4.325 -3.884 -3.552 -3.250
0.0152 0.01508 7.30103 11.1343021393 2.6269197464   11.136  4.349  4.3301  3.408    1  0.000  0.538     0.00     0.00     0.00     0.00     0.00 -1    -1e-30      0.00 7.092e-01 2.755e-01 2.710e-03 7.399e-04 6.720e-03 -1.000 1.527e-02 -6.103 -4.421 -4.303 -3.859 -3.524 -3.220
0.0152 0.01508 7.30103 11.1403436661 2.6269247532   11.142  4.360  4.3403  3.438    1  0.000  0.538     0.00     0.00     0.00     0.00     0.00 -1    -1e-30      0.00 7.092e-01 2.755e-01 2.710e-03 7.399e-04 6.720e-03 -1.000 1.527e-02 -6.131 -4.412 -4.276 -3.828 -3.491 -3.183
0.0152 0.01508 7.30103 11.1438751221 2.6269276142   11.146  4.377  4.3519  3.468    1  0.000  0.538     0.00     0.00     0.00     0.00     0.00 -1    -1e-30      0.00 7.092e-01 2.755e-01 2.710e-03 7.399e-04 6.720e-03 -1.000 1.527e-02 -6.172 -4.411 -4.255 -3.802 -3.462 -3.151
0.0152 0.01508 7.30103 11.1454133987 2.6269290447   11.147  4.390  4.3601  3.487    1  0.000  0.538     0.00     0.00     0.00     0.00     0.00 -1    -1e-30      0.00 7.092e-01 2.755e-01 2.710e-03 7.399e-04 6.720e-03 -1.000 1.527e-02 -6.206 -4.416 -4.245 -3.790 -3.448 -3.134
0.0152 0.01508 7.30103 11.1461019516 2.6269295216   11.148  4.397  4.3641  3.496    1  0.000  0.538     0.00     0.00     0.00     0.00     0.00 -1    -1e-30      0.00 7.092e-01 2.755e-01 2.710e-03 7.399e-04 6.720e-03 -1.000 1.527e-02 -6.223 -4.418 -4.241 -3.784 -3.441 -3.126
0.0152 0.01508 7.30103 11.1469221115 2.6269302368   11.149  4.378  4.3574  3.489    2  0.000  0.538     0.00     0.00     0.00     0.00     0.00 -1    -1e-30      0.00 7.092e-01 2.755e-01 2.710e-03 7.399e-04 6.720e-03 -1.000 1.527e-02 -6.175 -4.393 -4.228 -3.773 -3.432 -3.119
0.0152 0.01508 7.30103 11.1476993561 2.6269307137   11.149  4.357  4.3444  3.458    2  0.000  0.538     0.00     0.00     0.00     0.00     0.00 -1    -1e-30      0.00 7.092e-01 2.755e-01 2.710e-03 7.399e-04 6.720e-03 -1.000 1.527e-02 -6.122 -4.387 -4.244 -3.795 -3.457 -3.148
0.0152 0.01508 7.30103 11.1482877731 2.6269311905   11.150  4.349  4.3306  3.411    2  0.000  0.538     0.00     0.00     0.00     0.00     0.00 -1    -1e-30      0.00 7.092e-01 2.755e-01 2.710e-03 7.399e-04 6.720e-03 -1.000 1.527e-02 -6.102 -4.417 -4.299 -3.855 -3.520 -3.215
0.0152 0.01508 7.30103 11.1487665176 2.6269316673   11.150  4.349  4.3177  3.359    2  0.000  0.538     0.00     0.00     0.00     0.00     0.00 -1    -1e-30      0.00 7.092e-01 2.755e-01 2.710e-03 7.399e-04 6.720e-03 -1.000 1.527e-02 -6.102 -4.466 -4.369 -3.930 -3.599 -3.299
0.0152 0.01508 7.30103 11.1492996216 2.6269321442   11.151  4.353  4.3021  3.293    2  0.000  0.538     0.00     0.00     0.00     0.00     0.00 -1    -1e-30      0.00 7.092e-01 2.755e-01 2.710e-03 7.399e-04 6.720e-03 -1.000 1.527e-02 -6.112 -4.535 -4.465 -4.033 -3.706 -3.411
0.0152 0.01508 7.30103 11.1497888565 2.6269326210   11.151  4.358  4.2867  3.226    2  0.000  0.538     0.00     0.00     0.00     0.00     0.00 -1    -1e-30      0.00 7.092e-01 2.755e-01 2.710e-03 7.399e-04 6.720e-03 -1.000 1.527e-02 -6.126 -4.605 -4.563 -4.138 -3.815 -3.525
0.0152 0.01508 7.30103 11.1501588821 2.6269328594   11.152  4.363  4.2746  3.173    2  0.000  0.538     0.00     0.00     0.00     0.00     0.00 -1    -1e-30      0.00 7.092e-01 2.755e-01 2.710e-03 7.399e-04 6.720e-03 -1.000 1.527e-02 -6.137 -4.660 -4.640 -4.220 -3.901 -3.616
0.0152 0.01508 7.30103 11.1505117416 2.6269330978   11.152  4.366  4.2624  3.121    2  0.000  0.538     0.00     0.00     0.00     0.00     0.00 -1    -1e-30      0.00 7.092e-01 2.755e-01 2.710e-03 7.399e-04 6.720e-03 -1.000 1.527e-02 -6.146 -4.713 -4.715 -4.302 -3.986 -3.705
0.0152 0.01508 7.30103 11.1508474350 2.6269333363   11.152  4.369  4.2504  3.069    2  0.000  0.538     0.00     0.00     0.00     0.00     0.00 -1    -1e-30      0.00 7.092e-01 2.755e-01 2.710e-03 7.399e-04 6.720e-03 -1.000 1.527e-02 -6.154 -4.763 -4.789 -4.381 -4.069 -3.793
0.0152 0.01508 7.30103 11.1512498856 2.6269338131   11.153  4.372  4.2353  3.006    2  0.000  0.538     0.00     0.00     0.00     0.00     0.00 -1    -1e-30      0.00 7.092e-01 2.755e-01 2.710e-03 7.399e-04 6.720e-03 -1.000 1.527e-02 -6.161 -4.823 -4.879 -4.478 -4.170 -3.901
0.0152 0.01508 7.30103 11.1516294479 2.6269340515   11.153  4.374  4.2203  2.944    2  0.000  0.538     0.00     0.00     0.00     0.00     0.00 -1    -1e-30      0.00 7.092e-01 2.755e-01 2.710e-03 7.399e-04 6.720e-03 -1.000 1.527e-02 -6.166 -4.882 -4.965 -4.573 -4.270 -4.007
0.0152 0.01508 7.30103 11.1519193649 2.6269342899   11.153  4.375  4.2083  2.895    2  0.000  0.538     0.00     0.00     0.00     0.00     0.00 -1    -1e-30      0.00 7.092e-01 2.755e-01 2.710e-03 7.399e-04 6.720e-03 -1.000 1.527e-02 -6.168 -4.926 -5.033 -4.648 -4.349 -4.090
0.0152 0.01508 7.30103 11.1521949768 2.6269345284   11.154  4.376  4.1963  2.847    2  0.000  0.538     0.00     0.00     0.00     0.00     0.00 -1    -1e-30      0.00 7.092e-01 2.755e-01 2.710e-03 7.399e-04 6.720e-03 -1.000 1.527e-02 -6.169 -4.968 -5.099 -4.721 -4.426 -4.171
0.0152 0.01508 7.30103 11.1524610519 2.6269347668   11.154  4.376  4.1843  2.799    2  0.000  0.538     0.00     0.00     0.00     0.00     0.00 -1    -1e-30      0.00 7.092e-01 2.755e-01 2.710e-03 7.399e-04 6.720e-03 -1.000 1.527e-02 -6.169 -5.008 -5.164 -4.792 -4.501 -4.252
0.0152 0.01508 7.30103 11.1527137756 2.6269350052   11.154  4.375  4.1723  2.751    2  0.000  0.538     0.00     0.00     0.00     0.00     0.00 -1    -1e-30      0.00 7.092e-01 2.755e-01 2.710e-03 7.399e-04 6.720e-03 -1.000 1.527e-02 -6.168 -5.046 -5.227 -4.862 -4.575 -4.332
0.0152 0.01508 7.30103 11.1529550552 2.6269350052   11.155  4.374  4.1603  2.704    2  0.000  0.538     0.00     0.00     0.00     0.00     0.00 -1    -1e-30      0.00 7.092e-01 2.755e-01 2.710e-03 7.399e-04 6.720e-03 -1.000 1.527e-02 -6.166 -5.081 -5.289 -4.931 -4.648 -4.410
0.0152 0.01508 7.30103 11.1531858444 2.6269352436   11.155  4.373  4.1483  2.658    2  0.000  0.538     0.00     0.00     0.00     0.00     0.00 -1    -1e-30      0.00 7.092e-01 2.755e-01 2.710e-03 7.399e-04 6.720e-03 -1.000 1.527e-02 -6.163 -5.114 -5.350 -4.999 -4.719 -4.487
0.0152 0.01508 7.30103 11.1534051895 2.6269354820   11.155  4.372  4.1363  2.611    2  0.000  0.538     0.00     0.00     0.00     0.00     0.00 -1    -1e-30      0.00 7.092e-01 2.755e-01 2.710e-03 7.399e-04 6.720e-03 -1.000 1.527e-02 -6.159 -5.144 -5.410 -5.065 -4.790 -4.563
0.0152 0.01508 7.30103 11.1536149979 2.6269357204   11.155  4.370  4.1243  2.565    2  0.000  0.538     0.00     0.00     0.00     0.00     0.00 -1    -1e-30      0.00 7.092e-01 2.755e-01 2.710e-03 7.399e-04 6.720e-03 -1.000 1.527e-02 -6.154 -5.172 -5.468 -5.131 -4.859 -4.638
0.0152 0.01508 7.30103 11.1538133621 2.6269357204   11.155  4.368  4.1123  2.519    2  0.000  0.538     0.00     0.00     0.00     0.00     0.00 -1    -1e-30      0.00 7.092e-01 2.755e-01 2.710e-03 7.399e-04 6.720e-03 -1.000 1.527e-02 -6.150 -5.198 -5.526 -5.195 -4.927 -4.713
0.0152 0.01508 7.30103 11.1540040970 2.6269359589   11.156  4.366  4.1004  2.473    2  0.000  0.538     0.00     0.00     0.00     0.00     0.00 -1    -1e-30      0.00 7.092e-01 2.755e-01 2.710e-03 7.399e-04 6.720e-03 -1.000 1.527e-02 -6.144 -5.219 -5.583 -5.258 -4.994 -4.786
0.0152 0.01508 7.30103 11.1541843414 2.6269361973   11.156  4.363  4.0884  2.428    2  0.000  0.538     0.00     0.00     0.00     0.00     0.00 -1    -1e-30      0.00 7.092e-01 2.755e-01 2.710e-03 7.399e-04 6.720e-03 -1.000 1.527e-02 -6.138 -5.234 -5.638 -5.319 -5.058 -4.857
0.0152 0.01508 7.30103 11.1543979645 2.6269361973   11.156  4.360  4.0735  2.372    2  0.000  0.538     0.00     0.00     0.00     0.00     0.00 -1    -1e-30      0.00 7.092e-01 2.755e-01 2.710e-03 7.399e-04 6.720e-03 -1.000 1.527e-02 -6.130 -5.255 -5.700 -5.392 -5.137 -4.944
0.0152 0.01508 7.30103 11.1546001434 2.6269364357   11.156  4.356  4.0586  2.315    2  0.000  0.538     0.00     0.00     0.00     0.00     0.00 -1    -1e-30      0.00 7.092e-01 2.755e-01 2.710e-03 7.399e-04 6.720e-03 -1.000 1.527e-02 -6.121 -5.273 -5.759 -5.463 -5.214 -5.030
0.0152 0.01508 7.30103 11.1547517776 2.6269364357   11.156  4.354  4.0468  2.271    2  0.000  0.538     0.00     0.00     0.00     0.00     0.00 -1    -1e-30      0.00 7.092e-01 2.755e-01 2.710e-03 7.399e-04 6.720e-03 -1.000 1.527e-02 -6.114 -5.277 -5.807 -5.518 -5.272 -5.096
0.0152 0.01508 7.30103 11.1548976898 2.6269366741   11.156  4.350  4.0348  2.226    2  0.000  0.538     0.00     0.00     0.00     0.00     0.00 -1    -1e-30      0.00 7.092e-01 2.755e-01 2.710e-03 7.399e-04 6.720e-03 -1.000 1.527e-02 -6.106 -5.278 -5.853 -5.571 -5.329 -5.162
0.0152 0.01508 7.30103 11.1550359726 2.6269366741   11.157  4.347  4.0229  2.182    2  0.000  0.538     0.00     0.00     0.00     0.00     0.00 -1    -1e-30      0.00 7.092e-01 2.755e-01 2.710e-03 7.399e-04 6.720e-03 -1.000 1.527e-02 -6.098 -5.273 -5.897 -5.622 -5.385 -5.226
0.0152 0.01508 7.30103 11.1551980972 2.6269369125   11.157  4.343  4.0081  2.127    2  0.000  0.538     0.00     0.00     0.00     0.00     0.00 -1    -1e-30      0.00 7.092e-01 2.755e-01 2.710e-03 7.399e-04 6.720e-03 -1.000 1.527e-02 -6.087 -5.261 -5.951 -5.684 -5.450 -5.305
0.0152 0.01508 7.30103 11.1553230286 2.6269369125   11.157  4.339  3.9963  2.083    2  0.000  0.538     0.00     0.00     0.00     0.00     0.00 -1    -1e-30      0.00 7.092e-01 2.755e-01 2.710e-03 7.399e-04 6.720e-03 -1.000 1.527e-02 -6.079 -5.245 -5.991 -5.731 -5.501 -5.366
0.0152 0.01508 7.30103 11.1554412842 2.6269371510   11.157  4.336  3.9845  2.039    2  0.000  0.538     0.00     0.00     0.00     0.00     0.00 -1    -1e-30      0.00 7.092e-01 2.755e-01 2.710e-03 7.399e-04 6.720e-03 -1.000 1.527e-02 -6.070 -5.225 -6.030 -5.776 -5.550 -5.427
0.0152 0.01508 7.30103 11.1555528641 2.6269371510   11.157  4.332  3.9726  1.996    2  0.000  0.538     0.00     0.00     0.00     0.00     0.00 -1    -1e-30      0.00 7.092e-01 2.755e-01 2.710e-03 7.399e-04 6.720e-03 -1.000 1.527e-02 -6.061 -5.201 -6.068 -5.819 -5.596 -5.485
0.0152 0.01508 7.30103 11.1556863785 2.6269373894   11.157  4.327  3.9580  1.942    2  0.000  0.538     0.00     0.00     0.00     0.00     0.00 -1    -1e-30      0.00 7.092e-01 2.755e-01 2.710e-03 7.399e-04 6.720e-03 -1.000 1.527e-02 -6.049 -5.165 -6.109 -5.869 -5.652 -5.554
0.0152 0.01508 7.30103 11.1557884216 2.6269373894   11.157  4.324  3.9463  1.899    2  0.000  0.538     0.00     0.00     0.00     0.00     0.00 -1    -1e-30      0.00 7.092e-01 2.755e-01 2.710e-03 7.399e-04 6.720e-03 -1.000 1.527e-02 -6.039 -5.135 -6.135 -5.907 -5.696 -5.608
0.0152 0.01508 7.30103 11.1558856964 2.6269373894   11.157  4.320  3.9346  1.856    2  0.000  0.538     0.00     0.00     0.00     0.00     0.00 -1    -1e-30      0.00 7.092e-01 2.755e-01 2.710e-03 7.399e-04 6.720e-03 -1.000 1.527e-02 -6.029 -5.096 -6.160 -5.941 -5.737 -5.659
0.0152 0.01508 7.30103 11.1559791565 2.6269376278   11.158  4.315  3.9229  1.814    2  0.000  0.538     0.00     0.00     0.00     0.00     0.00 -1    -1e-30      0.00 7.092e-01 2.755e-01 2.710e-03 7.399e-04 6.720e-03 -1.000 1.527e-02 -6.018 -5.048 -6.177 -5.972 -5.776 -5.707
0.0152 0.01508 7.30103 11.1560707092 2.6269376278   11.158  4.311  3.9110  1.771    2  0.000  0.538     0.00     0.00     0.00     0.00     0.00 -1    -1e-30      0.00 7.092e-01 2.755e-01 2.710e-03 7.399e-04 6.720e-03 -1.000 1.527e-02 -6.007 -4.993 -6.185 -5.998 -5.813 -5.752
0.0152 0.01508 7.30103 11.1561574936 2.6269376278   11.158  4.306  3.8991  1.728    2  0.000  0.538     0.00     0.00     0.00     0.00     0.00 -1    -1e-30      0.00 7.092e-01 2.755e-01 2.710e-03 7.399e-04 6.720e-03 -1.000 1.527e-02 -5.996 -4.932 -6.183 -6.019 -5.847 -5.794
0.0152 0.01508 7.30103 11.1562404633 2.6269378662   11.158  4.302  3.8873  1.685    2  0.000  0.538     0.00     0.00     0.00     0.00     0.00 -1    -1e-30      0.00 7.092e-01 2.755e-01 2.710e-03 7.399e-04 6.720e-03 -1.000 1.527e-02 -5.984 -4.867 -6.169 -6.035 -5.879 -5.833
0.0152 0.01508 7.30103 11.1563205719 2.6269378662   11.158  4.297  3.8753  1.642    2  0.000  0.538     0.00     0.00     0.00     0.00     0.00 -1    -1e-30      0.00 7.092e-01 2.755e-01 2.710e-03 7.399e-04 6.720e-03 -1.000 1.527e-02 -5.972 -4.801 -6.145 -6.047 -5.909 -5.869
0.0152 0.01508 7.30103 11.1563949585 2.6269378662   11.158  4.292  3.8636  1.600    2  0.000  0.538     0.00     0.00     0.00     0.00     0.00 -1    -1e-30      0.00 7.092e-01 2.755e-01 2.710e-03 7.399e-04 6.720e-03 -1.000 1.527e-02 -5.960 -4.734 -6.113 -6.055 -5.938 -5.902
0.0152 0.01508 7.30103 11.1564846039 2.6269378662   11.158  4.285  3.8489  1.548    2  0.000  0.538     0.00     0.00     0.00     0.00     0.00 -1    -1e-30      0.00 7.092e-01 2.755e-01 2.710e-03 7.399e-04 6.720e-03 -1.000 1.527e-02 -5.943 -4.650 -6.059 -6.060 -5.971 -5.942
0.0152 0.01508 7.30103 11.1565532684 2.6269381046   11.158  4.280  3.8370  1.506    2  0.000  0.538     0.00     0.00     0.00     0.00     0.00 -1    -1e-30      0.00 7.092e-01 2.755e-01 2.710e-03 7.399e-04 6.720e-03 -1.000 1.527e-02 -5.929 -4.577 -6.007 -6.063 -5.997 -5.972
0.0152 0.01508 7.30103 11.1566171646 2.6269381046   11.158  4.274  3.8253  1.465    2  0.000  0.538     0.00     0.00     0.00     0.00     0.00 -1    -1e-30      0.00 7.092e-01 2.755e-01 2.710e-03 7.399e-04 6.720e-03 -1.000 1.527e-02 -5.915 -4.503 -5.949 -6.063 -6.021 -6.000
0.0152 0.01508 7.30103 11.1566944122 2.6269381046   11.158  4.267  3.8106  1.414    2  0.000  0.538     0.00     0.00     0.00     0.00     0.00 -1    -1e-30      0.00 7.092e-01 2.755e-01 2.710e-03 7.399e-04 6.720e-03 -1.000 1.527e-02 -5.896 -4.396 -5.868 -6.057 -6.046 -6.032
0.0152 0.01508 7.30103 11.1567516327 2.6269381046   11.158  4.260  3.7991  1.374    2  0.000  0.538     0.00     0.00     0.00     0.00     0.00 -1    -1e-30      0.00 7.092e-01 2.755e-01 2.710e-03 7.399e-04 6.720e-03 -1.000 1.527e-02 -5.881 -4.302 -5.797 -6.048 -6.062 -6.055
0.0152 0.01508 7.30103 11.1568069458 2.6269383430   11.158  4.254  3.7875  1.334    2  0.000  0.538     0.00     0.00     0.00     0.00     0.00 -1    -1e-30      0.00 7.092e-01 2.755e-01 2.710e-03 7.399e-04 6.720e-03 -1.000 1.527e-02 -5.865 -4.186 -5.720 -6.037 -6.076 -6.077
0.0152 0.01508 7.30103 11.1568603516 2.6269383430   11.158  4.247  3.7760  1.295    2  0.000  0.538     0.00     0.00     0.00     0.00     0.00 -1    -1e-30      0.00 7.092e-01 2.755e-01 2.710e-03 7.399e-04 6.720e-03 -1.000 1.527e-02 -5.847 -4.036 -5.632 -6.022 -6.089 -6.100
0.0152 0.01508 7.30103 11.1569118500 2.6269383430   11.158  4.240  3.7644  1.256    2  0.000  0.538     0.00     0.00     0.00     0.00     0.00 -1    -1e-30      0.00 7.092e-01 2.755e-01 2.710e-03 7.399e-04 6.720e-03 -1.000 1.527e-02 -5.829 -3.875 -5.536 -6.000 -6.095 -6.118
0.0152 0.01508 7.30103 11.1569604874 2.6269383430   11.159  4.232  3.7528  1.217    2  0.000  0.538     0.00     0.00     0.00     0.00     0.00 -1    -1e-30      0.00 7.092e-01 2.755e-01 2.710e-03 7.399e-04 6.720e-03 -1.000 1.527e-02 -5.809 -3.702 -5.443 -5.974 -6.092 -6.127
0.0152 0.01508 7.30103 11.1570081711 2.6269383430   11.159  4.223  3.7413  1.180    2  0.000  0.538     0.00     0.00     0.00     0.00     0.00 -1    -1e-30      0.00 7.092e-01 2.755e-01 2.710e-03 7.399e-04 6.720e-03 -1.000 1.527e-02 -5.789 -3.454 -5.334 -5.945 -6.088 -6.137
0.0152 0.01508 7.30103 11.1570529938 2.6269383430   11.159  4.215  3.7298  1.142    2  0.000  0.538     0.00     0.00     0.00     0.00     0.00 -1    -1e-30      0.00 7.092e-01 2.755e-01 2.710e-03 7.399e-04 6.720e-03 -1.000 1.527e-02 -5.767 -3.247 -5.230 -5.907 -6.072 -6.134
0.0152 0.01508 7.30103 11.1570949554 2.6269385815   11.159  4.205  3.7185  1.106    2  0.000  0.538     0.00     0.00     0.00     0.00     0.00 -1    -1e-30      0.00 7.092e-01 2.755e-01 2.710e-03 7.399e-04 6.720e-03 -1.000 1.527e-02 -5.744 -3.016 -5.119 -5.862 -6.050 -6.126
0.0152 0.01508 7.30103 11.1571369171 2.6269385815   11.159  4.195  3.7072  1.071    2  0.000  0.538     0.00     0.00     0.00     0.00     0.00 -1    -1e-30      0.00 7.092e-01 2.755e-01 2.710e-03 7.399e-04 6.720e-03 -1.000 1.527e-02 -5.719 -2.765 -5.002 -5.812 -6.020 -6.113
0.0152 0.01508 7.30103 11.1571769714 2.6269385815   11.159  4.185  3.6960  1.037    2  0.000  0.538     0.00     0.00     0.00     0.00     0.00 -1    -1e-30      0.00 7.092e-01 2.755e-01 2.710e-03 7.399e-04 6.720e-03 -1.000 1.527e-02 -5.691 -2.499 -4.881 -5.755 -5.984 -6.093
0.0152 0.01508 7.30103 11.1572179794 2.6269385815   11.159  4.172  3.6847  1.004    2  0.000  0.538     0.00     0.00     0.00     0.00     0.00 -1    -1e-30      0.00 7.092e-01 2.755e-01 2.710e-03 7.399e-04 6.720e-03 -1.000 1.527e-02 -5.661 -2.221 -4.755 -5.691 -5.939 -6.066
0.0152 0.01508 7.30103 11.1572599411 2.6269385815   11.159  4.159  3.6739  0.974    2  0.000  0.538     0.00     0.00     0.00     0.00     0.00 -1    -1e-30      0.00 7.092e-01 2.755e-01 2.710e-03 7.399e-04 6.720e-03 -1.000 1.527e-02 -5.627 -2.054 -4.642 -5.625 -5.885 -6.026
0.0152 0.01508 7.30103 11.1573047638 2.6269385815   11.159  4.142  3.6637  0.950    2  0.000  0.538     0.00     0.00     0.00     0.00     0.00 -1    -1e-30      0.00 7.092e-01 2.755e-01 2.710e-03 7.399e-04 6.720e-03 -1.000 1.527e-02 -5.586 -1.880 -4.519 -5.546 -5.821 -5.977
0.0152 0.01508 7.30103 11.1573591232 2.6269385815   11.159  4.120  3.6533  0.931    2  0.000  0.538     0.00     0.00     0.00     0.00     0.00 -1    -1e-30      0.00 7.092e-01 2.755e-01 2.710e-03 7.399e-04 6.720e-03 -1.000 1.527e-02 -5.530 -1.615 -4.362 -5.442 -5.738 -5.913
0.0152 0.01508 7.30103 11.1574115753 2.6269388199   11.159  4.099  3.6459  0.922    2  0.000  0.538     0.00     0.00     0.00     0.00     0.00 -1    -1e-30      0.00 7.092e-01 2.755e-01 2.710e-03 7.399e-04 6.720e-03 -1.000 1.527e-02 -5.478 -1.367 -4.229 -5.349 -5.665 -5.854
0.0152 0.01508 7.30103 11.1575155258 2.6269388199   11.159  4.073  3.6378  0.915    2  0.000  0.538     0.00     0.00     0.00     0.00     0.00 -1    -1e-30      0.00 7.092e-01 2.755e-01 2.710e-03 7.399e-04 6.720e-03 -1.000 1.527e-02 -5.414 -1.085 -4.072 -5.236 -5.575 -5.782
0.0152 0.01508 7.30103 11.1576719284 2.6269388199   11.159  4.041  3.6276  0.907    2  0.000  0.538     0.00     0.00     0.00     0.00     0.00 -1    -1e-30      0.00 7.092e-01 2.755e-01 2.710e-03 7.399e-04 6.720e-03 -1.000 1.527e-02 -5.331 -0.722 -3.865 -5.086 -5.458 -5.688
0.0152 0.01508 7.30103 11.1577167511 2.6269390583   11.159  4.038  3.6245  0.898    2  0.000  0.538     0.00     0.00     0.00     0.00     0.00 -1    -1e-30      0.00 7.092e-01 2.755e-01 2.710e-03 7.399e-04 6.720e-03 -1.000 1.527e-02 -5.325 -0.623 -3.817 -5.056 -5.439 -5.677
0.0152 0.01508 7.30103 11.1578044891 2.6269390583   11.159  4.059  3.6171  0.847    3  0.000  0.537     0.00     0.00     0.00     0.00     0.00 -1    -1e-30      0.00 7.092e-01 2.755e-01 2.705e-03 7.411e-04 6.720e-03 -1.000 1.527e-02 -5.378 -0.443 -3.767 -5.054 -5.465 -5.721
0.0152 0.01508 7.30103 11.1578693390 2.6269390583   11.159  4.094  3.6106  0.786    3  0.000  0.530     0.00     0.00     0.00     0.00     0.00 -1    -1e-30      0.00 7.092e-01 2.755e-01 2.674e-03 7.567e-04 6.720e-03 -1.000 1.527e-02 -5.465 -0.316 -3.758 -5.088 -5.526 -5.800
0.0152 0.01508 7.30103 11.1579160690 2.6269390583   11.160  4.137  3.6050  0.721    3  0.000  0.504     0.00     0.00     0.00     0.00     0.00 -1    -1e-30      0.00 7.092e-01 2.755e-01 2.544e-03 8.630e-04 6.720e-03 -1.000 1.529e-02 -5.572 -0.235 -3.775 -5.141 -5.608 -5.899
0.0152 0.01508 7.30103 11.1579513550 2.6269390583   11.160  4.178  3.6002  0.660    3  0.000  0.468     0.00     0.00     0.00     0.00     0.00 -1    -1e-30      0.00 7.091e-01 2.756e-01 2.359e-03 1.074e-03 6.718e-03 -1.000 1.536e-02 -5.675 -0.173 -3.799 -5.197 -5.690 -5.996
0.0152 0.01508 7.30103 11.1579818726 2.6269392967   11.160  4.219  3.5957  0.601    3  0.000  0.440     0.00     0.00     0.00     0.00     0.00 -1    -1e-30      0.00 7.088e-01 2.758e-01 2.215e-03 1.257e-03 6.709e-03 -1.000 1.537e-02 -5.778 -0.128 -3.824 -5.249 -5.770 -6.093
0.0152 0.01508 7.30103 11.1579904556 2.6269392967   11.160  4.230  3.5946  0.586    3  0.000  0.434     0.00     0.00     0.00     0.00     0.00 -1    -1e-30      0.00 7.087e-01 2.759e-01 2.186e-03 1.297e-03 6.705e-03 -1.000 1.537e-02 -5.805 -0.117 -3.830 -5.263 -5.791 -6.118
0.0152 0.01508 7.30103 11.1580114365 2.6269392967   11.160  4.258  3.5916  0.546    3  0.000  0.425     0.00     0.00     0.00     0.00     0.00 -1    -1e-30      0.00 7.077e-01 2.769e-01 2.122e-03 1.420e-03 6.655e-03 -1.000 1.537e-02 -5.876 -0.089 -3.849 -5.300 -5.848 -6.185
0.0152 0.01508 7.30103 11.1580352783 2.6269392967   11.160  4.288  3.5887  0.504    3  0.000  0.418     0.00     0.00     0.00     0.00     0.00 -1    -1e-30      0.00 7.062e-01 2.785e-01 2.064e-03 1.559e-03 6.578e-03 -1.000 1.537e-02 -5.951 -0.067 -3.869 -5.337 -5.906 -6.256
0.0152 0.01508 7.30103 11.1580410004 2.6269392967   11.160  4.297  3.5878  0.492    3  0.000  0.416     0.00     0.00     0.00     0.00     0.00 -1    -1e-30      0.00 7.057e-01 2.789e-01 2.049e-03 1.595e-03 6.557e-03 -1.000 1.537e-02 -5.973 -0.060 -3.872 -5.345 -5.923 -6.277
0.0152 0.01508 7.30103 11.1580705643 2.6269392967   11.160  4.332  3.5843  0.443    3  0.000  0.411     0.00     0.00     0.00     0.00     0.00 -1    -1e-30      0.00 7.041e-01 2.805e-01 1.999e-03 1.725e-03 6.480e-03 -1.000 1.537e-02 -6.059 -0.034 -3.888 -5.380 -5.989 -6.359
0.0152 0.01508 7.30103 11.1581077576 2.6269392967   11.160  4.371  3.5804  0.388    3  0.000  0.406     0.00     0.00     0.00     0.00     0.00 -1    -1e-30      0.00 7.027e-01 2.820e-01 1.954e-03 1.840e-03 6.411e-03 -1.000 1.536e-02 -6.158 -0.005 -3.905 -5.420 -6.064 -6.452
0.0152 0.01508 7.30103 11.1581449509 2.6269392967   11.160  4.402  3.5773  0.344    3  0.000  0.403     0.00     0.00     0.00     0.00     0.00 -1    -1e-30      0.00 7.018e-01 2.829e-01 1.927e-03 1.910e-03 6.370e-03 -1.000 1.533e-02 -6.236 0.010 -3.911 -5.437 -6.119 -6.526
0.0152 0.01508 7.30103 11.1582002640 2.6269392967   11.160  4.438  3.5737  0.295    3  0.000  0.400     0.00     0.00     0.00     0.00     0.00 -1    -1e-30      0.00 7.010e-01 2.837e-01 1.902e-03 1.976e-03 6.331e-03 -1.000 1.530e-02 -6.324 0.025 -3.915 -5.453 -6.181 -6.608
0.0152 0.01508 7.30103 11.1582889557 2.6269395351   11.160  4.469  3.5704  0.250    3  0.000  0.398     0.00     0.00     0.00     0.00     0.00 -1    -1e-30      0.00 7.003e-01 2.843e-01 1.882e-03 2.027e-03 6.301e-03 -1.000 1.536e-02 -6.403 0.039 -3.916 -5.466 -6.235 -6.682
0.0152 0.01508 7.30103 11.1585416794 2.6269395351   11.160  4.503  3.5668  0.202    3  0.000  0.396     0.00     0.00     0.00     0.00     0.00 -1    -1e-30      0.00 6.994e-01 2.853e-01 1.858e-03 2.093e-03 6.259e-03 -1.000 1.537e-02 -6.488 0.048 -3.905 -5.458 -6.289 -6.761
0.0152 0.01508 7.30103 11.1600284576 2.6269409657   11.161  4.557  3.5611  0.126    3  0.000  0.394     0.00     0.00     0.00     0.00     0.00 -1    -1e-30      0.00 6.916e-01 2.931e-01 1.791e-03 2.352e-03 6.057e-03 -1.000 1.532e-02 -6.622 0.059 -3.886 -5.443 -6.372 -6.884
0.0152 0.01508 7.30103 11.1642847061 2.6269443035   11.166  4.596  3.5573  0.071    3  0.000  0.394     0.00     0.00     0.00     0.00     0.00 -1    -1e-30      0.00 6.838e-01 3.009e-01 1.745e-03 2.544e-03 5.904e-03 -1.000 1.532e-02 -6.720 0.060 -3.862 -5.415 -6.428 -6.971
0.0152 0.01508 7.30103 11.1730909348 2.6269514561   11.175  4.588  3.5583  0.083    3  0.000  0.394     0.00     0.00     0.00     0.00     0.00 -1    -1e-30      0.00 6.838e-01 3.009e-01 1.745e-03 2.544e-03 5.904e-03 -1.000 1.532e-02 -6.700 0.056 -3.876 -5.431 -6.420 -6.955
0.0152 0.01508 7.30103 11.2068309784 2.6269788742   11.208  4.553  3.5627  0.137    4  0.000  0.394     0.00     0.00     0.00     0.00     0.00 -1    -1e-30      0.00 6.837e-01 3.009e-01 1.745e-03 2.545e-03 5.903e-03 -1.000 1.533e-02 -6.613 0.036 -3.916 -5.474 -6.377 -6.878
0.0152 0.01508 7.30103 11.2341947556 2.6270008087   11.236  4.516  3.5673  0.194    4  0.000  0.394     0.00     0.00     0.00     0.00     0.00 -1    -1e-30      0.00 6.837e-01 3.009e-01 1.744e-03 2.546e-03 5.902e-03 -1.000 1.533e-02 -6.519 0.017 -3.947 -5.502 -6.325 -6.793
0.0152 0.01508 7.30103 11.2592191696 2.6270208359   11.261  4.481  3.5716  0.247    4  0.000  0.394     0.00     0.00     0.00     0.00     0.00 -1    -1e-30      0.00 6.837e-01 3.010e-01 1.744e-03 2.546e-03 5.902e-03 -1.000 1.533e-02 -6.432 -0.006 -3.968 -5.518 -6.273 -6.713
0.0152 0.01508 7.30103 11.2853889465 2.6270418167   11.287  4.451  3.5755  0.293    4  0.000  0.394     0.00     0.00     0.00     0.00     0.00 -1    -1e-30      0.00 6.837e-01 3.010e-01 1.744e-03 2.547e-03 5.901e-03 -1.000 1.533e-02 -6.358 -0.037 -3.985 -5.522 -6.228 -6.646
0.0152 0.01508 7.30103 11.3260192871 2.6270737648   11.328  4.425  3.5799  0.339    4  0.000  0.394     0.00     0.00     0.00     0.00     0.00 -1    -1e-30      0.00 6.837e-01 3.010e-01 1.744e-03 2.548e-03 5.901e-03 -1.000 1.533e-02 -6.292 -0.084 -4.019 -5.545 -6.195 -6.586
0.0152 0.01508 7.30103 11.4131803513 2.6271419525   11.415  4.403  3.5863  0.389    4  0.000  0.394     0.00     0.00     0.00     0.00     0.00 -1    -1e-30      0.00 6.837e-01 3.010e-01 1.743e-03 2.550e-03 5.899e-03 -1.000 1.534e-02 -6.238 -0.201 -4.088 -5.586 -6.179 -6.541
0.0152 0.01508 7.30103 11.4341411591 2.6271581650   11.436  4.402  3.5874  0.395    4  0.000  0.394     0.00     0.00     0.00     0.00     0.00 -1    -1e-30      0.00 6.837e-01 3.010e-01 1.743e-03 2.551e-03 5.899e-03 -1.000 1.534e-02 -6.236 -0.227 -4.107 -5.600 -6.184 -6.541
0.0152 0.01508 7.30103 11.5128707886 2.6272182465   11.514  4.420  3.5896  0.390    5  0.000  0.394     0.00     0.00     0.00     0.00     0.00 -1    -1e-30      0.00 6.836e-01 3.010e-01 1.742e-03 2.553e-03 5.897e-03 -1.000 1.534e-02 -6.280 -0.310 -4.190 -5.678 -6.243 -6.589
0.0152 0.01508 7.30103 11.5295543671 2.6272308826   11.531  4.430  3.5909  0.386    5  0.000  0.394     0.00     0.00     0.00     0.00     0.00 -1    -1e-30      0.00 6.836e-01 3.010e-01 1.742e-03 2.553e-03 5.897e-03 -1.000 1.534e-02 -6.304 -0.357 -4.234 -5.717 -6.273 -6.615
0.0152 0.01508 7.30103 11.5323657990 2.6272330284   11.534  4.438  3.5926  0.384    5  0.000  0.394     0.00     0.00     0.00     0.00     0.00 -1    -1e-30      0.00 6.836e-01 3.010e-01 1.742e-03 2.553e-03 5.897e-03 -1.000 1.534e-02 -6.326 -0.417 -4.283 -5.758 -6.304 -6.640
0.0152 0.01508 7.30103 11.5331897736 2.6272337437   11.535  4.444  3.5951  0.389    5  0.000  0.394     0.00     0.00     0.00     0.00     0.00 -1    -1e-30      0.00 6.836e-01 3.010e-01 1.742e-03 2.553e-03 5.897e-03 -1.000 1.534e-02 -6.339 -0.491 -4.337 -5.801 -6.331 -6.657
0.0152 0.01508 7.30103 11.5334367752 2.6272339821   11.535  4.446  3.5975  0.396    5  0.000  0.394     0.00     0.00     0.00     0.00     0.00 -1    -1e-30      0.00 6.836e-01 3.010e-01 1.742e-03 2.553e-03 5.897e-03 -1.000 1.534e-02 -6.344 -0.557 -4.382 -5.834 -6.348 -6.667
0.0152 0.01508 7.30103 11.5335636139 2.6272339821   11.535  4.447  3.5994  0.403    5  0.000  0.394     0.00     0.00     0.00     0.00     0.00 -1    -1e-30      0.00 6.836e-01 3.010e-01 1.742e-03 2.553e-03 5.897e-03 -1.000 1.534e-02 -6.347 -0.610 -4.417 -5.859 -6.361 -6.672
0.0152 0.01508 7.30103 11.5336885452 2.6272342205   11.535  4.447  3.6019  0.412    5  0.000  0.394     0.00     0.00     0.00     0.00     0.00 -1    -1e-30      0.00 6.836e-01 3.010e-01 1.742e-03 2.553e-03 5.897e-03 -1.000 1.534e-02 -6.348 -0.680 -4.458 -5.886 -6.374 -6.678
0.0152 0.01508 7.30103 11.5337924957 2.6272342205   11.535  4.448  3.6043  0.421    5  0.000  0.394     0.00     0.00     0.00     0.00     0.00 -1    -1e-30      0.00 6.836e-01 3.010e-01 1.742e-03 2.553e-03 5.897e-03 -1.000 1.534e-02 -6.350 -0.750 -4.496 -5.910 -6.387 -6.683
0.0152 0.01508 7.30103 11.5338888168 2.6272342205   11.535  4.448  3.6066  0.430    5  0.000  0.394     0.00     0.00     0.00     0.00     0.00 -1    -1e-30      0.00 6.836e-01 3.010e-01 1.742e-03 2.553e-03 5.897e-03 -1.000 1.534e-02 -6.351 -0.818 -4.534 -5.934 -6.399 -6.687
0.0152 0.01508 7.30103 11.5339813232 2.6272342205   11.535  4.449  3.6089  0.439    5  0.000  0.394     0.00     0.00     0.00     0.00     0.00 -1    -1e-30      0.00 6.836e-01 3.010e-01 1.742e-03 2.553e-03 5.897e-03 -1.000 1.534e-02 -6.352 -0.886 -4.571 -5.957 -6.410 -6.692
0.0152 0.01508 7.30103 11.5340728760 2.6272344589   11.535  4.449  3.6112  0.448    5  0.000  0.394     0.00     0.00     0.00     0.00     0.00 -1    -1e-30      0.00 6.836e-01 3.010e-01 1.742e-03 2.553e-03 5.897e-03 -1.000 1.534e-02 -6.353 -0.956 -4.607 -5.979 -6.421 -6.696
0.0152 0.01508 7.30103 11.5341653824 2.6272344589   11.536  4.449  3.6135  0.457    5  0.000  0.394     0.00     0.00     0.00     0.00     0.00 -1    -1e-30      0.00 6.836e-01 3.010e-01 1.742e-03 2.553e-03 5.897e-03 -1.000 1.534e-02 -6.353 -1.028 -4.641 -5.999 -6.431 -6.700
0.0152 0.01508 7.30103 11.5342826843 2.6272344589   11.536  4.450  3.6164  0.468    5  0.000  0.394     0.00     0.00     0.00     0.00     0.00 -1    -1e-30      0.00 6.836e-01 3.010e-01 1.742e-03 2.553e-03 5.897e-03 -1.000 1.534e-02 -6.354 -1.117 -4.684 -6.024 -6.444 -6.705
0.0152 0.01508 7.30103 11.5344057083 2.6272346973   11.536  4.450  3.6192  0.479    5  0.000  0.394     0.00     0.00     0.00     0.00     0.00 -1    -1e-30      0.00 6.836e-01 3.010e-01 1.742e-03 2.553e-03 5.897e-03 -1.000 1.534e-02 -6.355 -1.206 -4.726 -6.049 -6.457 -6.710
0.0152 0.01508 7.30103 11.5345354080 2.6272346973   11.536  4.450  3.6221  0.490    5  0.000  0.394     0.00     0.00     0.00     0.00     0.00 -1    -1e-30      0.00 6.836e-01 3.010e-01 1.742e-03 2.553e-03 5.897e-03 -1.000 1.534e-02 -6.356 -1.296 -4.767 -6.071 -6.468 -6.715
0.0152 0.01508 7.30103 11.5346431732 2.6272349358   11.536  4.450  3.6244  0.499    5  0.000  0.394     0.00     0.00     0.00     0.00     0.00 -1    -1e-30      0.00 6.836e-01 3.010e-01 1.742e-03 2.553e-03 5.897e-03 -1.000 1.534e-02 -6.356 -1.369 -4.799 -6.088 -6.477 -6.718
0.0152 0.01508 7.30103 11.5347585678 2.6272349358   11.536  4.451  3.6266  0.508    5  0.000  0.394     0.00     0.00     0.00     0.00     0.00 -1    -1e-30      0.00 6.836e-01 3.010e-01 1.742e-03 2.553e-03 5.897e-03 -1.000 1.534e-02 -6.356 -1.440 -4.830 -6.106 -6.486 -6.721
0.0152 0.01508 7.30103 11.5348777771 2.6272349358   11.536  4.451  3.6289  0.517    5  0.000  0.394     0.00     0.00     0.00     0.00     0.00 -1    -1e-30      0.00 6.836e-01 3.010e-01 1.742e-03 2.553e-03 5.897e-03 -1.000 1.534e-02 -6.357 -1.511 -4.860 -6.123 -6.495 -6.725
0.0152 0.01508 7.30103 11.5350046158 2.6272351742   11.536  4.451  3.6312  0.526    5  0.000  0.394     0.00     0.00     0.00     0.00     0.00 -1    -1e-30      0.00 6.836e-01 3.010e-01 1.742e-03 2.553e-03 5.897e-03 -1.000 1.534e-02 -6.357 -1.582 -4.890 -6.138 -6.503 -6.728
0.0152 0.01508 7.30103 11.5351734161 2.6272351742   11.536  4.451  3.6340  0.537    5  0.000  0.394     0.00     0.00     0.00     0.00     0.00 -1    -1e-30      0.00 6.836e-01 3.010e-01 1.742e-03 2.553e-03 5.897e-03 -1.000 1.534e-02 -6.357 -1.671 -4.926 -6.157 -6.513 -6.731
0.0152 0.01508 7.30103 11.5353555679 2.6272354126   11.537  4.451  3.6368  0.548    5  0.000  0.394     0.00     0.00     0.00     0.00     0.00 -1    -1e-30      0.00 6.836e-01 3.010e-01 1.742e-03 2.553e-03 5.897e-03 -1.000 1.534e-02 -6.357 -1.759 -4.962 -6.176 -6.523 -6.735
0.0152 0.01508 7.30103 11.5355567932 2.6272354126   11.537  4.451  3.6396  0.560    5  0.000  0.394     0.00     0.00     0.00     0.00     0.00 -1    -1e-30      0.00 6.836e-01 3.010e-01 1.742e-03 2.553e-03 5.897e-03 -1.000 1.534e-02 -6.357 -1.847 -4.997 -6.194 -6.533 -6.738
0.0152 0.01508 7.30103 11.5357809067 2.6272356510   11.537  4.451  3.6424  0.571    5  0.000  0.394     0.00     0.00     0.00     0.00     0.00 -1    -1e-30      0.00 6.836e-01 3.010e-01 1.742e-03 2.553e-03 5.897e-03 -1.000 1.534e-02 -6.357 -1.931 -5.030 -6.211 -6.541 -6.740
0.0152 0.01508 7.30103 11.5360364914 2.6272358894   11.537  4.451  3.6452  0.582    5  0.000  0.394     0.00     0.00     0.00     0.00     0.00 -1    -1e-30      0.00 6.836e-01 3.010e-01 1.742e-03 2.553e-03 5.897e-03 -1.000 1.534e-02 -6.357 -2.014 -5.063 -6.227 -6.550 -6.742
0.0152 0.01508 7.30103 11.5363340378 2.6272361279   11.538  4.451  3.6479  0.593    5  0.000  0.394     0.00     0.00     0.00     0.00     0.00 -1    -1e-30      0.00 6.836e-01 3.010e-01 1.742e-03 2.553e-03 5.897e-03 -1.000 1.534e-02 -6.357 -2.096 -5.094 -6.242 -6.558 -6.745
0.0152 0.01508 7.30103 11.5366954803 2.6272363663   11.538  4.451  3.6506  0.604    5  0.000  0.394     0.00     0.00     0.00     0.00     0.00 -1    -1e-30      0.00 6.836e-01 3.010e-01 1.742e-03 2.553e-03 5.897e-03 -1.000 1.534e-02 -6.356 -2.176 -5.125 -6.257 -6.565 -6.746
0.0152 0.01508 7.30103 11.5370540619 2.6272366047   11.538  4.450  3.6527  0.613    5  0.000  0.394     0.00     0.00     0.00     0.00     0.00 -1    -1e-30      0.00 6.836e-01 3.010e-01 1.742e-03 2.553e-03 5.897e-03 -1.000 1.534e-02 -6.356 -2.237 -5.148 -6.268 -6.571 -6.747
0.0152 0.01508 7.30103 11.5375118256 2.6272370815   11.539  4.450  3.6548  0.621    5  0.000  0.394     0.00     0.00     0.00     0.00     0.00 -1    -1e-30      0.00 6.836e-01 3.010e-01 1.742e-03 2.553e-03 5.897e-03 -1.000 1.534e-02 -6.355 -2.297 -5.171 -6.278 -6.576 -6.748
0.0152 0.01508 7.30103 11.5381498337 2.6272375584   11.539  4.450  3.6568  0.629    5  0.000  0.394     0.00     0.00     0.00     0.00     0.00 -1    -1e-30      0.00 6.836e-01 3.010e-01 1.742e-03 2.553e-03 5.897e-03 -1.000 1.534e-02 -6.355 -2.353 -5.192 -6.288 -6.581 -6.749
0.0152 0.01508 7.30103 11.5392036438 2.6272382736   11.541  4.450  3.6586  0.637    5  0.000  0.394     0.00     0.00     0.00     0.00     0.00 -1    -1e-30      0.00 6.836e-01 3.010e-01 1.742e-03 2.553e-03 5.897e-03 -1.000 1.534e-02 -6.354 -2.402 -5.211 -6.297 -6.585 -6.750
0.0152 0.01508 7.30103 11.5451993942 2.6272428036   11.547  4.450  3.6596  0.641    5  0.000  0.394     0.00     0.00     0.00     0.00     0.00 -1    -1e-30      0.00 6.836e-01 3.010e-01 1.742e-03 2.553e-03 5.897e-03 -1.000 1.535e-02 -6.356 -2.427 -5.223 -6.303 -6.589 -6.752
0.0152 0.01508 7.30103 11.5741901398 2.6272644997   11.575  4.456  3.6512  0.602    6  0.000  0.394     0.00     0.00     0.00     0.00     0.00 -1    -1e-30      0.00 6.836e-01 3.010e-01 1.742e-03 2.554e-03 5.896e-03 -1.000 1.535e-02 -6.370 -2.204 -5.145 -6.274 -6.581 -6.760
0.0152 0.01508 7.30103 11.5865211487 2.6272737980   11.588  4.458  3.6464  0.581    6  0.000  0.394     0.00     0.00     0.00     0.00     0.00 -1    -1e-30      0.00 6.836e-01 3.010e-01 1.742e-03 2.554e-03 5.896e-03 -1.000 1.535e-02 -6.376 -2.067 -5.095 -6.253 -6.572 -6.762
0.0152 0.01508 7.30103 11.5969161987 2.6272816658   11.598  4.461  3.6422  0.562    6  0.000  0.394     0.00     0.00     0.00     0.00     0.00 -1    -1e-30      0.00 6.836e-01 3.010e-01 1.742e-03 2.555e-03 5.896e-03 -1.000 1.535e-02 -6.381 -1.943 -5.050 -6.233 -6.565 -6.764
0.0152 0.01508 7.30103 11.6031856537 2.6272861958   11.604  4.463  3.6391  0.548    6  0.000  0.394     0.00     0.00     0.00     0.00     0.00 -1    -1e-30      0.00 6.836e-01 3.011e-01 1.742e-03 2.555e-03 5.896e-03 -1.000 1.535e-02 -6.387 -1.853 -5.019 -6.220 -6.561 -6.767
0.0152 0.01508 7.30103 11.6093111038 2.6272907257   11.611  4.465  3.6357  0.533    6  0.000  0.394     0.00     0.00     0.00     0.00     0.00 -1    -1e-30      0.00 6.836e-01 3.011e-01 1.742e-03 2.555e-03 5.896e-03 -1.000 1.535e-02 -6.392 -1.750 -4.981 -6.203 -6.554 -6.769
0.0152 0.01508 7.30103 11.6142587662 2.6272945404   11.615  4.467  3.6326  0.519    6  0.000  0.394     0.00     0.00     0.00     0.00     0.00 -1    -1e-30      0.00 6.836e-01 3.011e-01 1.742e-03 2.555e-03 5.896e-03 -1.000 1.535e-02 -6.397 -1.657 -4.946 -6.188 -6.549 -6.770
0.0152 0.01508 7.30103 11.6184692383 2.6272976398   11.620  4.469  3.6297  0.505    6  0.000  0.394     0.00     0.00     0.00     0.00     0.00 -1    -1e-30      0.00 6.836e-01 3.011e-01 1.742e-03 2.555e-03 5.895e-03 -1.000 1.535e-02 -6.402 -1.569 -4.914 -6.173 -6.543 -6.771
0.0152 0.01508 7.30103 11.6229591370 2.6273009777   11.624  4.471  3.6262  0.490    6  0.000  0.394     0.00     0.00     0.00     0.00     0.00 -1    -1e-30      0.00 6.836e-01 3.011e-01 1.742e-03 2.555e-03 5.895e-03 -1.000 1.535e-02 -6.407 -1.464 -4.872 -6.153 -6.535 -6.772
0.0152 0.01508 7.30103 11.6260528564 2.6273033619   11.627  4.472  3.6237  0.478    6  0.000  0.394     0.00     0.00     0.00     0.00     0.00 -1    -1e-30      0.00 6.836e-01 3.011e-01 1.742e-03 2.555e-03 5.895e-03 -1.000 1.535e-02 -6.410 -1.384 -4.839 -6.137 -6.529 -6.772
0.0152 0.01508 7.30103 11.6287813187 2.6273052692   11.630  4.473  3.6212  0.467    6  0.000  0.394     0.00     0.00     0.00     0.00     0.00 -1    -1e-30      0.00 6.836e-01 3.011e-01 1.741e-03 2.555e-03 5.895e-03 -1.000 1.535e-02 -6.413 -1.307 -4.808 -6.122 -6.523 -6.771
0.0152 0.01508 7.30103 11.6317472458 2.6273074150   11.633  4.474  3.6182  0.454    6  0.000  0.394     0.00     0.00     0.00     0.00     0.00 -1    -1e-30      0.00 6.836e-01 3.011e-01 1.741e-03 2.556e-03 5.895e-03 -1.000 1.535e-02 -6.416 -1.217 -4.769 -6.101 -6.514 -6.770
0.0152 0.01508 7.30103 11.6338214874 2.6273090839   11.635  4.475  3.6159  0.445    6  0.000  0.394     0.00     0.00     0.00     0.00     0.00 -1    -1e-30      0.00 6.836e-01 3.011e-01 1.741e-03 2.556e-03 5.895e-03 -1.000 1.535e-02 -6.418 -1.147 -4.737 -6.083 -6.506 -6.769
0.0152 0.01508 7.30103 11.6356763840 2.6273105145   11.637  4.476  3.6137  0.435    6  0.000  0.394     0.00     0.00     0.00     0.00     0.00 -1    -1e-30      0.00 6.836e-01 3.011e-01 1.741e-03 2.556e-03 5.895e-03 -1.000 1.535e-02 -6.419 -1.080 -4.706 -6.066 -6.499 -6.767
0.0152 0.01508 7.30103 11.6377134323 2.6273119450   11.639  4.476  3.6110  0.424    6  0.000  0.394     0.00     0.00     0.00     0.00     0.00 -1    -1e-30      0.00 6.836e-01 3.011e-01 1.741e-03 2.556e-03 5.895e-03 -1.000 1.535e-02 -6.421 -0.997 -4.667 -6.045 -6.489 -6.765
0.0152 0.01508 7.30103 11.6391468048 2.6273128986   11.640  4.477  3.6089  0.415    6  0.000  0.394     0.00     0.00     0.00     0.00     0.00 -1    -1e-30      0.00 6.836e-01 3.011e-01 1.741e-03 2.556e-03 5.895e-03 -1.000 1.535e-02 -6.422 -0.934 -4.636 -6.027 -6.481 -6.763
0.0152 0.01508 7.30103 11.6404228210 2.6273138523   11.642  4.477  3.6069  0.407    6  0.000  0.394     0.00     0.00     0.00     0.00     0.00 -1    -1e-30      0.00 6.836e-01 3.011e-01 1.741e-03 2.556e-03 5.895e-03 -1.000 1.535e-02 -6.422 -0.875 -4.605 -6.008 -6.472 -6.760
0.0152 0.01508 7.30103 11.6415596008 2.6273148060   11.643  4.477  3.6049  0.398    6  0.000  0.394     0.00     0.00     0.00     0.00     0.00 -1    -1e-30      0.00 6.836e-01 3.011e-01 1.741e-03 2.556e-03 5.895e-03 -1.000 1.535e-02 -6.423 -0.817 -4.573 -5.989 -6.463 -6.757
0.0152 0.01508 7.30103 11.6425676346 2.6273155212   11.644  4.477  3.6029  0.390    6  0.000  0.394     0.00     0.00     0.00     0.00     0.00 -1    -1e-30      0.00 6.836e-01 3.011e-01 1.741e-03 2.556e-03 5.895e-03 -1.000 1.535e-02 -6.423 -0.760 -4.543 -5.969 -6.454 -6.755
0.0152 0.01508 7.30103 11.6434640884 2.6273162365   11.645  4.477  3.6009  0.382    6  0.000  0.394     0.00     0.00     0.00     0.00     0.00 -1    -1e-30      0.00 6.836e-01 3.011e-01 1.741e-03 2.556e-03 5.895e-03 -1.000 1.535e-02 -6.423 -0.703 -4.512 -5.950 -6.445 -6.752
0.0152 0.01508 7.30103 11.6442651749 2.6273167133   11.646  4.477  3.5990  0.375    6  0.000  0.394     0.00     0.00     0.00     0.00     0.00 -1    -1e-30      0.00 6.836e-01 3.011e-01 1.741e-03 2.556e-03 5.895e-03 -1.000 1.535e-02 -6.423 -0.650 -4.480 -5.929 -6.435 -6.748
0.0152 0.01508 7.30103 11.6449832916 2.6273171902   11.646  4.477  3.5971  0.367    6  0.000  0.394     0.00     0.00     0.00     0.00     0.00 -1    -1e-30      0.00 6.836e-01 3.011e-01 1.741e-03 2.556e-03 5.895e-03 -1.000 1.535e-02 -6.423 -0.599 -4.448 -5.907 -6.425 -6.745
0.0152 0.01508 7.30103 11.6456346512 2.6273176670   11.647  4.477  3.5952  0.360    6  0.000  0.394     0.00     0.00     0.00     0.00     0.00 -1    -1e-30      0.00 6.836e-01 3.011e-01 1.741e-03 2.556e-03 5.895e-03 -1.000 1.535e-02 -6.422 -0.549 -4.415 -5.884 -6.415 -6.742
0.0152 0.01508 7.30103 11.6462297440 2.6273181438   11.647  4.477  3.5933  0.353    6  0.000  0.394     0.00     0.00     0.00     0.00     0.00 -1    -1e-30      0.00 6.836e-01 3.011e-01 1.741e-03 2.556e-03 5.895e-03 -1.000 1.535e-02 -6.422 -0.499 -4.383 -5.862 -6.404 -6.738
0.0152 0.01508 7.30103 11.6467847824 2.6273186207   11.648  4.476  3.5915  0.346    6  0.000  0.394     0.00     0.00     0.00     0.00     0.00 -1    -1e-30      0.00 6.836e-01 3.011e-01 1.741e-03 2.556e-03 5.895e-03 -1.000 1.535e-02 -6.421 -0.450 -4.351 -5.839 -6.393 -6.734
0.0152 0.01508 7.30103 11.6473255157 2.6273190975   11.649  4.476  3.5896  0.339    6  0.000  0.394     0.00     0.00     0.00     0.00     0.00 -1    -1e-30      0.00 6.836e-01 3.011e-01 1.741e-03 2.556e-03 5.895e-03 -1.000 1.535e-02 -6.419 -0.402 -4.319 -5.815 -6.382 -6.730
0.0152 0.01508 7.30103 11.6478862762 2.6273193359   11.649  4.475  3.5879  0.333    6  0.000  0.394     0.00     0.00     0.00     0.00     0.00 -1    -1e-30      0.00 6.836e-01 3.011e-01 1.741e-03 2.556e-03 5.895e-03 -1.000 1.535e-02 -6.417 -0.360 -4.284 -5.787 -6.369 -6.725
0.0152 0.01508 7.30103 11.6485233307 2.6273198128   11.650  4.473  3.5861  0.327    6  0.000  0.394     0.00     0.00     0.00     0.00     0.00 -1    -1e-30      0.00 6.836e-01 3.011e-01 1.741e-03 2.556e-03 5.895e-03 -1.000 1.535e-02 -6.414 -0.318 -4.249 -5.758 -6.355 -6.719
0.0152 0.01508 7.30103 11.6493263245 2.6273205280   11.651  4.471  3.5845  0.323    6  0.000  0.394     0.00     0.00     0.00     0.00     0.00 -1    -1e-30      0.00 6.836e-01 3.011e-01 1.741e-03 2.556e-03 5.895e-03 -1.000 1.535e-02 -6.408 -0.276 -4.214 -5.729 -6.340 -6.711
0.0152 0.01508 7.30103 11.6506843567 2.6273214817   11.652  4.468  3.5832  0.321    6  0.000  0.394     0.00     0.00     0.00     0.00     0.00 -1    -1e-30      0.00 6.836e-01 3.011e-01 1.741e-03 2.556e-03 5.895e-03 -1.000 1.535e-02 -6.399 -0.239 -4.180 -5.700 -6.322 -6.699
0.0152 0.01508 7.30103 11.6520395279 2.6273224354   11.653  4.463  3.5819  0.321    6  0.000  0.394     0.00     0.00     0.00     0.00     0.00 -1    -1e-30      0.00 6.836e-01 3.011e-01 1.741e-03 2.556e-03 5.895e-03 -1.000 1.535e-02 -6.387 -0.202 -4.146 -5.669 -6.302 -6.685
0.0152 0.01508 7.30103 11.6536951065 2.6273236275   11.655  4.464  3.5802  0.313    6  0.000  0.394     0.00     0.00     0.00     0.00     0.00 -1    -1e-30      0.00 6.836e-01 3.011e-01 1.741e-03 2.556e-03 5.895e-03 -1.000 1.535e-02 -6.391 -0.164 -4.117 -5.648 -6.296 -6.686
0.0152 0.01508 7.30103 11.6550855637 2.6273248196   11.656  4.470  3.5791  0.303    6  0.000  0.394     0.00     0.00     0.00     0.00     0.00 -1    -1e-30      0.00 6.836e-01 3.011e-01 1.741e-03 2.556e-03 5.895e-03 -1.000 1.535e-02 -6.405 -0.152 -4.108 -5.642 -6.303 -6.699
0.0152 0.01508 7.30103 11.6713113785 2.6273367405   11.672  4.502  3.5744  0.252    6  0.000  0.394     0.00     0.00     0.00     0.00     0.00 -1    -1e-30      0.00 6.836e-01 3.011e-01 1.741e-03 2.556e-03 5.895e-03 -1.000 1.535e-02 -6.486 -0.111 -4.082 -5.628 -6.349 -6.772
0.0152 0.01508 7.30103 11.6785421371 2.6273419857   11.680  4.539  3.5694  0.196    6  0.000  0.394     0.00     0.00     0.00     0.00     0.00 -1    -1e-30      0.00 6.836e-01 3.011e-01 1.741e-03 2.557e-03 5.894e-03 -1.000 1.535e-02 -6.578 -0.073 -4.057 -5.617 -6.403 -6.857
0.0152 0.01508 7.30103 11.6791162491 2.6273424625   11.680  4.567  3.5661  0.155    7  0.000  0.394     0.00     0.00     0.00     0.00     0.00 -1    -1e-30      0.00 6.836e-01 3.011e-01 1.741e-03 2.557e-03 5.894e-03 -1.000 1.535e-02 -6.648 -0.061 -4.038 -5.599 -6.443 -6.920
0.0152 0.01508 7.30103 11.6817970276 2.6273443699   11.683  4.608  3.5613  0.095    7  0.000  0.393     0.00     0.00     0.00     0.00     0.00 -1    -1e-30      0.00 6.836e-01 3.011e-01 1.740e-03 2.558e-03 5.894e-03 -1.000 1.535e-02 -6.750 -0.044 -4.009 -5.573 -6.501 -7.012
0.0152 0.01508 7.30103 11.6827535629 2.6273450851   11.684  4.629  3.5589  0.064    7  0.000  0.393     0.00     0.00     0.00     0.00     0.00 -1    -1e-30      0.00 6.836e-01 3.011e-01 1.736e-03 2.563e-03 5.894e-03 -1.000 1.535e-02 -6.801 -0.037 -3.990 -5.553 -6.529 -7.058
0.0152 0.01508 7.30103 11.6835441589 2.6273455620   11.685  4.645  3.5570  0.041    7  0.000  0.392     0.00     0.00     0.00     0.00     0.00 -1    -1e-30      0.00 6.836e-01 3.011e-01 1.734e-03 2.566e-03 5.894e-03 -1.000 1.535e-02 -6.842 -0.033 -3.971 -5.529 -6.548 -7.093
0.0152 0.01508 7.30103 11.6845312119 2.6273465157   11.686  4.675  3.5536 -0.003    7  0.000  0.391     0.00     0.00     0.00     0.00     0.00 -1    -1e-30      0.00 6.836e-01 3.011e-01 1.730e-03 2.570e-03 5.893e-03 -1.000 1.534e-02 -6.917 -0.025 -3.934 -5.485 -6.583 -7.158
0.0152 0.01508 7.30103 11.6856641769 2.6273472309   11.687  4.707  3.5497 -0.051    7  0.000  0.390     0.00     0.00     0.00     0.00     0.00 -1    -1e-30      0.00 6.836e-01 3.011e-01 1.725e-03 2.577e-03 5.892e-03 -1.000 1.535e-02 -6.998 -0.018 -3.888 -5.431 -6.620 -7.229
0.0152 0.01508 7.30103 11.6870193481 2.6273481846   11.688  4.743  3.5455 -0.104    7  0.000  0.389     0.00     0.00     0.00     0.00     0.00 -1    -1e-30      0.00 6.835e-01 3.011e-01 1.718e-03 2.587e-03 5.890e-03 -1.000 1.535e-02 -7.089 -0.012 -3.810 -5.339 -6.647 -7.300
0.0152 0.01508 7.30103 11.6886758804 2.6273493767   11.690  4.781  3.5412 -0.158    7  0.000  0.387     0.00     0.00     0.00     0.00     0.00 -1    -1e-30      0.00 6.834e-01 3.012e-01 1.711e-03 2.598e-03 5.888e-03 -1.000 1.537e-02 -7.183 -0.008 -3.732 -5.245 -6.676 -7.374
0.0152 0.01508 7.30103 11.6902494431 2.6273505688   11.691  4.811  3.5378 -0.202    7  0.000  0.387     0.00     0.00     0.00     0.00     0.00 -1    -1e-30      0.00 6.833e-01 3.014e-01 1.707e-03 2.605e-03 5.884e-03 -1.000 1.536e-02 -7.258 -0.006 -3.653 -5.153 -6.691 -7.428
0.0152 0.01508 7.30103 11.6935672760 2.6273529530   11.695  4.857  3.5326 -0.269    7  0.000  0.386     0.00     0.00     0.00     0.00     0.00 -1    -1e-30      0.00 6.820e-01 3.026e-01 1.700e-03 2.627e-03 5.868e-03 -1.000 1.535e-02 -7.373 -0.003 -3.516 -5.000 -6.705 -7.505
0.0152 0.01508 7.30103 11.7042331696 2.6273608208   11.705  4.907  3.5275 -0.338    7  0.000  0.387     0.00     0.00     0.00     0.00     0.00 -1    -1e-30      0.00 6.701e-01 3.145e-01 1.668e-03 2.767e-03 5.755e-03 -1.000 1.533e-02 -7.497 -0.010 -3.362 -4.843 -6.714 -7.579
0.0152 0.01508 7.30103 11.7169485092 2.6273701191   11.718  4.913  3.5282 -0.342    7  0.000  0.387     0.00     0.00     0.00     0.00     0.00 -1    -1e-30      0.00 6.479e-01 3.368e-01 1.617e-03 2.995e-03 5.569e-03 -1.000 1.528e-02 -7.513 -0.031 -3.415 -4.896 -6.748 -7.604